216
1481 18
18457 57324 39013 18694 74128 6691 69948 89739 78483 33411 21795 42698 2528 3516 95592 74501 80569 23414
5546 11
4723 46489 9126 3037 88991 85596 13568 16475 3273 21855 13799
6023 13
65630 94561 90994 7563 60407 61444 21768 92097 99298 27053 82460 33275 64872
7530 13
47145 71942 55960 10843 80002 4571 51996 44690 80508 80264 98622 36738 37256
2511 12
11350 17467 49467 40928 20550 24655 27626 21170 6162 98455 14801 69318
848 19
26788 681 94950 1508 19413 76562 4371 26029 80884 95698 69839 74184 71790 7640 10699 66596 28295 96781 87597
5081 10
33825 88016 14886 89527 65323 50315 42347 34266 57421 48644
3859 15
84076 17275 50188 24656 76163 67990 22248 40901 90034 67860 51337 30049 61686 53180 13583
8079 16
12234 7197 82065 21614 61137 78175 41092 81894 88329 8205 40346 42415 18718 78690 14251 35705
3392 16
20718 16806 88354 49503 63634 43946 69500 76309 41496 26235 65516 61398 62537 4733 49700 62593
1378 18
76664 63363 59220 831 74283 36275 73543 69497 96525 54234 87112 97441 13891 23194 60280 20750 49120 99042
274 18
25880 78607 93847 61834 41942 78870 60929 20047 63867 76837 11253 68208 32735 16922 85834 97174 39445 44588
6927 18
93604 97377 32480 1595 59811 28473 81958 84406 99067 69966 81314 45410 20955 39153 67157 62601 35699 7163
4001 16
89416 8528 90042 31140 21650 77141 97667 79390 81051 65591 45852 29890 19280 13030 13888 51954
2774 18
27727 85070 59462 8743 97913 51824 8405 85461 27958 77737 1440 48543 5650 93724 85512 12572 98581 3534
457 12
21907 48012 2135 6792 84565 4300 19942 94942 6856 91746 56796 76794
6269 15
67243 94067 37010 20369 4237 29315 73282 25080 2245 39110 69555 96440 6516 95843 43477
6731 20
52706 12788 54323 46905 27771 75800 93050 23942 47041 91015 69452 9527 3019 85659 68330 85691 18816 79451 94173 47566
9797 17
33849 4103 51079 94156 31216 52045 32109 93826 21164 45942 83705 20576 9823 50621 91869 88882 31556
244 18
33480 3219 50970 79996 79153 59760 51324 17087 78929 68514 51630 93849 48079 38566 43784 65886 97936 45461
5056 16
34934 95812 91035 12411 4372 57965 74787 72276 53017 33607 99547 96227 55288 9351 37115 30298
8745 12
56561 71411 96037 79550 30950 51763 35230 96533 42531 6465 13264 12245
389 18
85213 56458 31056 60813 35995 57105 60971 3777 16355 2817 46437 80513 97289 35872 91243 62520 98125 89658
6208 14
84540 43797 8024 91385 60323 43177 35125 93682 87784 59455 23418 6373 5843 8188
2561 13
72520 76215 23174 22987 25282 13300 46865 18322 99027 18865 65706 94413 40102
418 16
29113 99480 3445 13043 19290 83635 19776 11662 37161 32286 2220 75538 55706 10022 71819 77440
31 12
62359 13425 76529 41476 81525 93376 54387 82457 17547 27105 79809 51917
3793 10
13391 52611 9946 38222 37412 79606 90473 45805 55055 34265
411 15
57859 93165 10414 23144 98201 51259 15717 25443 9205 97204 9068 71621 26650 45593 72666
6387 13
16104 24505 10865 96160 65040 36080 85082 78762 96352 47331 15951 98934 29687
6339 17
92210 48367 75962 27684 21900 50503 62237 15997 13248 82530 44732 5038 13292 72172 8594 83248 49262
4672 10
40694 56913 5439 78489 80072 31459 74424 40419 95282 90682
8904 10
57260 38301 32230 28337 55378 93961 85253 97374 36969 13733
3138 14
79765 55169 42751 95617 24757 99040 91560 88429 60621 96649 20611 87007 61790 2402
9329 12
60257 57085 28146 80100 63489 31686 90966 28679 96635 80543 78280 70661
2671 12
37061 14228 44181 20662 80477 50145 15463 8859 90416 82516 14101 35286
2061 12
99621 13628 99653 15087 20595 58528 63377 87907 42541 86147 93033 23956
7587 14
38121 21654 239 56530 1075 85638 27072 24183 93638 14583 44569 66068 75719 77770
9224 16
87661 426 16711 80403 70969 29375 7273 51680 49643 48621 14350 83037 11388 91136 89701 15219
2687 12
10290 75463 26687 33440 18487 4658 74329 55575 30789 22525 53638 73845
2530 13
26776 60561 19714 69792 96610 46105 23778 66818 42318 84953 19219 81737 72454
9632 12
30482 30694 47147 31243 56254 93968 11726 50180 80952 87415 8537 80027
9643 13
74217 10389 41542 9887 89827 20495 7922 52650 63647 77608 38126 80901 46820
3307 19
3028 19159 44376 24629 29291 60928 91693 80457 40813 74641 24765 62701 53292 43229 61555 95164 25869 68951 23112
6529 11
77669 86200 40731 99057 30945 89299 58745 82118 18120 18104 76650
5053 19
10965 95967 37442 47759 56682 93391 25811 97862 93125 25989 11913 63193 97335 73720 59427 19673 39551 59378 45636
2776 15
59690 93717 85673 50711 18378 39135 29441 20680 12399 21246 12978 6571 51496 78989 45737
1177 14
65926 41050 31693 36280 2849 70704 16741 93074 69275 55186 94247 14645 33719 29697
7407 17
41471 18397 19051 56070 75113 5091 46170 58136 64217 84012 17054 71967 90246 72956 65910 88573 99915
820 19
82097 88971 44633 9376 66360 52153 26664 97361 30251 27479 81969 20672 54419 60338 17999 44370 8452 86250 83119
1987 10
91284 68401 12008 99942 26753 7982 87918 16012 91223 48807
1164 14
42917 73124 62806 97734 13120 20004 73021 80553 8251 12671 72200 99321 99830 29232
5446 14
52008 3353 97466 43246 51707 86322 67419 48879 1793 29633 79108 89628 77268 48027
6080 13
70059 42809 76854 11684 38460 3464 48407 64396 75901 99522 95078 21268 22274
9547 14
90899 41866 3361 24596 49207 3646 76004 3346 54982 21726 46800 27624 75913 14206
4200 19
91529 26515 25476 7218 75023 31562 9445 97629 48852 47767 49229 32873 45708 45474 90722 89822 65327 93194 28671
8375 19
95669 26179 61531 33294 79370 28993 35141 27391 74433 25705 16034 97143 87518 79884 42320 6573 4205 17573 75034
4803 15
88501 10665 93237 38697 31486 25838 88996 42472 82890 64724 4008 73946 10540 81947 54173
6107 11
63158 57899 80204 57147 75760 35692 7771 78660 40983 23954 54788
7592 11
97537 68313 29462 23347 85282 44474 26389 69121 26266 7621 77349
5731 11
41295 64788 80820 20255 32915 86939 70772 67876 90736 93771 8135
723 12
26480 98786 45349 33229 68592 68950 88089 95820 18058 21882 70464 12684
8342 17
70680 98955 73487 6481 37693 76198 22842 80578 21279 26908 38367 53178 22275 41526 45754 55366 516
9616 11
17570 1364 1692 78190 26504 41559 86840 75156 16417 99815 7556
6582 17
28203 71803 9341 49159 92849 62459 61703 19636 51402 11085 21859 96211 11429 7725 75942 89566 75619
726 18
96006 47116 56352 75154 69703 24486 92470 44386 55924 47652 41503 37064 55406 70345 72240 9971 81073 18244
6349 16
93970 4120 26165 26147 96477 96766 78121 92433 26540 63767 17469 26396 34113 82010 84043 21212
7481 11
49388 2267 82918 8747 76053 75049 64709 57681 74073 85091 82665
4050 15
29147 6779 63197 40367 2365 91576 83475 20393 76205 3993 90721 84399 24550 51139 80152
3963 14
85557 77271 40175 84695 86171 38634 5135 8815 2032 46136 40951 9198 14372 44899
9180 13
86697 54851 78850 37919 81862 91846 10572 42406 22916 51521 52910 14775 59642
8725 9
42803 36557 50213 72158 35704 52394 54581 79366 49926
1399 20
82535 14498 53040 85152 59639 10558 7660 38609 9121 46915 4123 21927 54174 58834 87364 37143 84895 17428 68936 24787
1986 11
37388 44394 80941 70053 40004 13622 14336 21669 60361 30266 61498
2298 15
60675 8565 9098 97395 5817 49781 30148 20310 20532 596 33487 84018 46638 97345 39877
3251 13
52382 84001 1309 46167 57271 99203 53719 88690 56469 93296 35734 16503 95060
1428 19
42416 27125 86181 28211 94906 68625 11065 96522 61667 24353 61659 93846 31269 89187 48620 29116 20040 19174 16987
4438 20
67290 51208 38428 56345 57177 87977 10461 47947 3843 32292 95418 2930 10257 2388 16873 94919 62512 2125 68947 829
3340 18
1489 7453 23964 31484 96673 54815 8177 46621 45755 89643 76201 66710 64382 37866 33191 77225 34884 82696
6578 10
15324 23222 76143 79026 18760 18702 21252 5637 836 96914
3029 14
71462 68352 45586 62134 59879 56589 71997 65948 24251 44843 26803 65219 55278 59796
7106 13
76110 17929 19315 38056 22672 16427 92508 8493 74178 83618 70724 68559 48327
4014 10
20704 36549 45552 18497 96015 62085 51144 55607 39304 89780
1704 12
57725 369 92036 48512 84820 8043 8800 48890 35961 48050 95486 43079
9265 10
33298 91487 82736 33897 53397 67953 68331 48707 24823 58858
7408 12
7268 83295 62906 29267 30840 52255 17309 55750 63356 86432 86814 90957
6734 10
97571 22039 14960 89851 8864 57877 61201 88671 72853 84889
1511 12
48477 18635 25309 37484 7495 61339 81653 69168 71187 73305 36668 19323
6088 18
22244 38349 50513 30269 77243 40548 37459 13575 83751 43859 63729 29522 76144 36576 82908 98568 41914 15838
7297 17
83038 1331 94280 13277 42441 35331 45654 51061 6562 69728 32832 81948 65635 39143 94794 92049 69140
5983 10
63731 10662 88286 68601 12029 50626 10734 58448 86527 43767
4030 11
40679 77577 29839 82056 75412 16822 79414 86330 79646 91076 56908
6816 18
48701 73451 38424 35697 97106 31124 25735 60288 95174 6601 14906 70492 94138 12193 69605 48405 98921 87883
7197 19
37221 50884 79354 60373 29183 57881 32052 40527 45087 70548 85002 33752 57825 9789 17486 47711 35493 22905 23852
144 19
74147 74125 17601 90129 431 5168 81337 22337 44290 82815 82951 51871 98171 19783 48185 66224 36936 92868 68050
2692 14
34914 16870 36999 11682 47438 9342 64489 22688 46397 88163 97882 61633 2580 78992
8409 17
36205 16772 69191 10599 86197 30021 38887 59291 19868 65606 38604 66290 56398 64630 98392 70955 82810
522 13
63055 80283 33482 28626 50166 76383 16607 48284 55105 6690 25864 82323 21755
8958 15
60861 406 12006 9150 55618 60567 56082 19992 55120 37144 68824 35279 37090 59386 63505
2955 13
33459 63230 23994 56846 67929 53844 80141 56386 82628 88160 32015 55897 45602
200 19
60053 64627 51575 26167 15101 90809 89919 30350 29706 66573 58943 31708 31027 95173 78464 97659 57090 26181 4363
7271 12
63735 85166 47977 62716 28523 24249 40932 79423 1805 11494 86785 13336
3201 11
54824 51060 62462 99450 30259 86729 69498 54403 14868 89925 8566
3851 20
2886 95097 93541 10676 8631 99995 38306 55857 55910 52840 39971 83123 77962 63080 50622 56534 94392 75529 76669 68778
3606 15
45561 1259 84623 77537 42001 43991 72124 12625 16332 4800 6981 43158 51740 86804 62631
5557 18
28320 32697 26102 41491 77548 65550 48111 95974 28142 65085 87149 61338 49399 65166 79834 64059 10723 66848
9077 11
19468 44704 46321 32335 27174 74177 33616 25597 97153 8165 19144
4925 19
97403 1962 32116 6376 18895 12880 79316 83968 33365 19918 57282 69807 82050 61239 4996 89745 91506 77428 98270
7515 11
32060 77803 32430 61005 35357 5656 1370 27885 85042 63763 13034
5241 19
71486 86577 93495 62257 5939 66732 10819 61247 57799 74618 1706 9323 7353 4281 11529 63592 63599 42683 97363
9803 15
75393 82584 670 20194 45977 76437 35882 8714 79883 79465 74806 55612 90469 78100 25453
3065 14
36925 57986 57679 13897 46943 61023 78668 57157 88681 9538 54699 72236 27791 18806
972 20
2389 22442 23737 67061 16153 90445 2497 41005 35199 17859 54586 15185 47495 55508 27474 43377 60423 71103 42783 67802
5963 15
46512 21865 13580 90283 15773 60548 64111 58270 84556 44797 74353 60610 72899 1412 88474
4923 14
96928 85416 37275 99499 67319 32828 57832 71194 13650 97109 45228 51644 10430 85359
176 13
80255 73924 13606 517 16357 85538 19115 52991 2223 28722 10945 16998 71113
3914 9
45795 57159 23332 90764 28157 82099 7014 72910 1176
2350 11
44605 19798 60978 36697 73379 70 31049 92186 79745 20453 18392
4977 17
11548 36862 65947 67010 63297 67647 16293 49185 50638 76211 37896 29970 90518 11224 25892 24860 28301
5204 12
59925 38980 23285 52321 56740 95744 26442 63666 23375 59451 18413 69718
8071 18
2657 11551 38765 49774 2861 68148 81873 66947 42564 66959 63465 48279 35723 23984 31251 15452 98239 8203
6633 20
3560 91131 24522 97717 48990 66888 28747 23120 13722 7343 27148 4861 46796 71810 38820 69673 78792 12603 63971 50672
283 16
34533 42973 17523 2751 17747 53977 20758 41323 48462 69277 80348 97229 89784 37540 66568 97389
6333 12
20986 60401 26891 19105 36156 32742 91303 85194 35044 2080 78211 6268
8018 14
70701 9839 59830 87624 35134 72549 97254 57156 30048 54698 58605 85769 24537 85810
3303 17
40041 3307 4578 84252 76567 41581 89360 38242 29877 58545 2499 23538 89920 71522 6550 85269 13727
6605 11
53396 51053 28095 82721 26103 42447 35757 36971 29446 75986 50051
9707 15
85085 27205 34001 33601 27375 36814 27819 99620 39835 52041 95357 9036 13368 85220 87802
5877 15
30026 66863 35985 34708 84834 63999 35038 84247 58509 16561 22549 4759 80229 53091 62383
9173 16
83756 55457 63851 325 65662 92339 20583 56849 91665 1298 58756 98386 90896 45032 25082 5107
5822 14
83905 12740 91083 42476 91002 93004 9529 14078 63698 31719 69439 51761 39614 23104
1475 11
99146 27977 86472 73586 72781 90447 44559 65092 45883 4597 75612
1358 13
87154 29529 49230 42214 56709 94891 65354 20179 33257 19600 67394 89731 6038
7797 11
88782 12064 79292 63518 71402 68117 80164 50531 58301 27903 47329
3597 19
44464 59146 40462 90138 15572 37962 55285 73670 12667 43268 82493 30212 76133 11413 84345 10118 95110 90342 43181
2419 10
98688 24024 90113 35240 74102 58347 6987 43120 1496 24649
8686 11
12552 10966 90514 40035 82247 95022 64500 21046 65557 66587 17439
3073 13
41480 4705 68318 69617 57744 56146 3090 58315 90184 48848 79548 17186 92503
7088 19
23859 42899 58188 85703 10166 29514 57061 42986 67545 27637 27839 45307 94375 21222 24928 75544 97301 8412 4075
7451 16
86405 28209 21471 97878 39617 20161 56382 42425 84336 41453 47323 32330 60028 9676 68413 18670
7276 11
48478 57804 85650 55967 88475 5671 25126 92819 52170 83227 75575
7841 19
34294 92195 40280 29602 18316 91832 51679 48987 73346 29245 13603 17413 59880 47100 38953 53855 72893 24318 32406
8352 14
37182 75537 93794 35667 39843 77190 47192 61810 20554 72118 56291 56392 41779 88184
5265 10
77151 87710 62576 68284 28968 69990 23263 78472 89175 48776
109 15
36017 6005 44771 1127 53431 31234 73208 99720 96201 6688 10753 14563 83469 80047 28527
5980 10
66792 61379 12668 7910 45895 48591 42516 95096 72556 53854
7075 18
26973 91201 69741 88983 37195 86304 2387 92121 92755 66289 80133 52111 99835 753 17920 27107 71055 29624
8422 11
65703 49918 1290 17780 62578 70695 71702 27526 27225 73609 32319
6779 18
81514 64426 32041 55496 17379 47812 23458 26920 47364 64219 41851 80698 28854 42236 97360 2282 24773 96152
6606 16
40500 92191 83662 47923 55231 5144 89288 27485 40239 1236 32002 53170 28087 4697 40103 63240
8121 15
44215 50422 60063 26644 84965 58148 62816 38062 26466 33727 41253 49295 65383 72409 16478
5457 18
89720 88707 91022 12629 87210 11439 9415 35744 28503 44755 36781 31449 39050 37520 58357 12019 42465 66555
6105 13
24102 78601 47926 49126 52177 14567 96217 82513 8071 20379 90529 62894 12500
601 11
63440 89734 77085 41848 67317 26911 35850 71690 55818 5774 94757
8827 18
27296 83528 50461 48639 10879 29893 50647 89220 25076 39148 74220 16900 15290 2990 81016 27989 71786 54496
2817 12
29701 77602 47422 1688 46923 41617 76297 54625 63275 10007 30571 32438
6483 13
14354 24836 22206 32768 18308 14052 55199 98559 58547 83101 96630 26819 89030
4958 19
79279 55076 52790 48737 29007 61585 61419 93019 42155 11807 80878 39379 89072 21103 13717 4245 75756 35050 17593
8341 8
31443 33179 18376 73888 20698 52716 499 88386
9342 19
45719 50743 54335 23403 99237 43938 3597 49258 1919 8794 68511 73823 26016 12970 40759 70869 71781 79450 87459
7216 16
77505 97517 6127 42601 23149 93361 9720 38217 33659 36672 24136 33877 34423 27195 42116 8975
6557 17
15401 88022 55671 98083 60253 90332 74439 65337 3157 18995 98765 17468 66960 50806 28824 30450 37817
401 20
75380 26745 48257 86633 61483 17057 13170 76985 76566 5896 4749 45239 13769 56920 20960 88244 58449 37875 2236 54414
5666 18
37384 57402 57680 61210 43426 51504 64346 59019 81153 99441 16932 99779 7042 78212 98253 99373 35070 84008
1542 20
46442 43483 41059 88883 53326 50781 35572 2698 91068 37154 57961 47800 48422 41041 74937 86246 25437 20852 23501 32276
1211 10
16166 36079 26705 36580 77324 74391 10490 99818 42074 56167
998 18
84235 13501 71692 47095 73761 94734 87016 5972 10341 75094 57320 62563 47320 62403 89149 528 88412 48139
6836 20
44567 73748 16538 46021 47880 34777 7098 13539 8810 11927 35649 9803 43972 60963 39964 76334 43887 63685 20434 2475
9899 16
38117 17751 43684 93401 6734 14623 14382 36491 46712 15968 20726 65399 22209 95372 87520 97556
1824 17
81351 22845 72932 93300 24816 30186 29019 8572 65226 18005 46666 80885 33502 59120 15316 63962 60722
6750 18
13338 74685 58508 26465 19079 93751 23236 69927 47113 35008 8980 57941 13807 93536 89029 42200 65197 86270
2518 10
22070 97626 7154 81795 95767 83674 14088 11668 80909 55870
2931 9
33429 37072 39349 43391 48690 13290 57801 63373 59672
9234 19
97876 10263 28813 69021 71196 58337 35863 6814 24802 11624 42971 15062 48286 72294 14268 83647 31829 91185 36157
9929 19
72197 30122 46547 43126 10639 4267 64777 58044 78255 35823 62131 22371 37790 91059 28868 48263 17181 13977 34296
7927 17
74770 76771 24525 25715 80715 70707 5753 88463 54344 88265 2707 88206 63522 86458 33496 82475 7036
7267 16
47176 62123 55785 47707 4496 65881 557 96883 48662 78062 75002 20660 5802 44039 53617 9965
4817 14
73641 69823 88560 42036 89661 54216 38858 86077 71596 15645 94199 11129 48229 30252
6222 10
25636 20300 12322 30260 76964 80383 96757 94677 97788 79679
9597 10
14688 71968 13439 24022 60753 26851 44629 74251 10198 190
1682 11
4814 64179 95196 53116 21978 15285 78983 71806 3620 30759 67791
4139 19
31040 42697 81556 15677 4532 29502 99384 58217 88407 30583 66706 31160 22546 17427 49140 37278 98735 54109 56378
242 17
20744 36153 19002 10942 70018 98978 17280 395 43269 10820 23468 89742 189 45438 86949 78106 48235
8628 15
90841 44180 15373 70325 58598 25297 78777 72673 19720 92518 10086 31738 34688 63623 47784
6425 17
61552 47278 89959 68512 79267 99538 45582 97892 41959 5578 21005 50735 2229 55379 75644 2971 29255
8794 16
88728 11124 92124 79143 61363 18437 32869 99319 86278 86531 88037 78707 97727 94048 75013 31594
7050 20
66657 85014 35575 63853 39815 11958 13613 84806 37230 57452 21397 6540 53270 41269 34199 54619 45019 37315 79055 40683
7487 9
13594 4991 56872 17619 81205 6180 3486 3233 8540
6230 20
14876 37877 10744 15526 63588 1602 64171 42853 54422 43039 48310 79637 30526 12152 81889 27084 42294 14925 87965 95009
2028 18
8471 56065 72342 1 32231 5657 26692 85262 55712 77285 50008 95755 3199 5747 80948 78044 31085 78759
1768 15
75361 7703 80081 77682 53721 79401 87514 29087 46722 26048 2559 73354 5326 54161 89853
8893 11
38000 90842 83218 17105 94973 53488 1543 66601 49793 3751 40824
2626 11
11681 83514 29572 34561 78799 33942 4866 93110 27495 26793 63182
1908 18
54764 62615 73661 70876 88155 28761 62002 65457 77782 40768 94935 20751 86163 7439 90503 52161 59263 85501
7509 11
49786 71597 27428 3393 83178 62613 60032 7139 80803 89333 63925
7840 17
83811 33102 87247 67471 74561 24511 57703 44441 90298 11583 3376 88009 34314 59713 44957 93026 34356
4795 19
37797 60097 80365 54140 61996 27265 56737 1740 48450 72596 25693 79907 80107 94369 66064 30557 89577 26094 51735
1144 15
48740 68075 26811 77586 40411 17329 29004 47724 58892 2422 35918 45113 7145 32464 46609
4428 14
116 18859 78174 57412 49454 35389 68618 43846 76699 74915 45696 51027 87170 95048
4661 14
10589 17597 3276 13396 21867 24216 84872 429 81821 72713 81257 42756 51616 97597
3601 15
2893 41626 58526 61068 53978 17815 17497 21832 13673 65173 97746 50187 8387 28865 5876
5728 14
64946 60146 54144 60026 46775 98561 7171 92993 24149 45054 70950 96272 40059 7838
195 15
60511 36881 40808 17296 78761 78693 14697 43280 27035 12114 53204 73457 20739 69838 78402
3184 10
91928 89951 8391 51191 87828 35059 19485 55368 86277 12295
966 16
15370 65968 52294 74347 74040 54415 64648 68523 6750 40690 99123 53320 59592 42312 18952 61905
6290 16
56528 14055 46408 93530 23647 31850 74136 34128 12062 97305 6493 87461 68073 88741 21518 58510
8167 19
46475 6848 8298 28798 90719 78453 44435 15702 4232 56027 21517 40883 27999 39155 2163 67242 53557 29009 96255
5697 19
80194 85458 1121 70873 31031 20694 87577 71978 15736 64853 95299 27942 46771 22237 87279 24566 66684 60488 46481
1795 11
61179 76949 61678 78706 3450 94104 32695 19562 787 92511 50624
9577 20
49745 35161 81441 47865 70471 83169 39698 2887 32744 83488 93253 5681 61011 77890 82330 25852 47131 21792 67762 22691
162 19
82818 20399 57419 77681 68616 53455 36736 5420 89108 80156 12791 79103 21451 71675 3232 63503 25561 57980 63258
3081 20
4354 20068 5900 99857 3912 8191 32323 23808 7810 28047 5470 19737 19915 92092 97857 99282 90061 12499 26975 80903
4725 11
78775 37037 83108 7417 78771 65730 93561 16292 72071 43872 12642
4966 20
59714 97987 71214 60444 63228 31906 30216 85470 2013 42135 96453 50602 95349 40774 8445 29952 93024 57830 40301 3316
901 12
11263 84679 86248 41225 56604 43171 63645 78724 37168 97569 82681 88394
3901 17
49131 8787 30144 13562 492 97039 23010 35749 98025 90093 21202 48446 89833 84781 49432 37220 97559
