202
133 0

108 0

113 0

7 0

180 0

194 0

198 0

12 0

117 0

161 14
47263 49448 98195 96465 46570 51466 79211 45419 94943 58092 45963 7448 45777 81376
115 0

100 0

147 0

37 0

35 0

114 0

43 0

29 0

137 10
34194 5902 32272 98310 57414 98244 4851 50676 45131 49521
71 0

177 0

21 0

106 0

36 0

142 0

151 0

188 0

349 0

149 0

195 0

128 0

167 0

22 0

178 0

135 0

155 0

34 0

120 0

80 0

39 0

87 0

59 0

125 0

2 18
81874 99122 81548 7100 35387 96619 59105 88815 16023 29805 95109 2833 11192 70281 70856 86566 85500 9041
73 0

157 0

74 13
47298 65769 20945 34196 56128 99556 11804 17935 67280 1629 36552 52742 42042
131 0

28 0

25 0

92 0

78 0

189 0

45 0

150 0

58 0

153 0

47 0

83 0

103 0

11 0

38 0

17 0

201 0

165 0

110 0

91 0

6 0

96 0

141 0

146 0

159 0

19 0

196 0

160 16
90695 27664 97339 77017 48510 12217 11618 18127 51145 91727 3242 71889 41226 95331 8044 25390
102 0

46 0

66 15
11335 69045 72416 61868 15998 49758 55593 13197 54391 70205 56934 77667 83824 26607 22348
82 0

5 0

72 0

31 0

95 0

158 0

53 0

118 0

138 0

129 0

192 19
3792 76387 62194 96130 19879 82040 90510 35813 98221 13411 8270 31362 53954 50754 842 12389 75505 43949 92427
50 0

76 0

148 0

68 0

41 0

140 0

55 0

109 0

49 0

187 0

61 0

40 18
80961 55044 35481 72243 54819 74784 48977 56150 18317 71595 54496 96238 2214 67314 10041 2068 32351 36966
84 0

162 0

144 0

51 15
21756 41132 44207 84968 94821 86536 56863 24139 46326 30233 45737 29380 1232 7612 80425
185 0

4 0

123 17
56091 10348 28135 18576 58430 52104 18185 72176 93122 67345 36267 7972 41563 22966 15639 20738 50208
81 0

69 0

169 0

104 0

9 0

101 0

1 0

105 0

119 10
72291 59319 88914 86752 54033 14639 91944 40858 76328 91459
16 0

220 0

67 0

186 16
71948 94298 58615 20557 21969 59043 88442 9510 85818 35534 8967 62546 38500 9144 23306 95871
64 0

30 10
20501 56455 8490 60328 77688 79533 18368 82894 38354 2933
173 0

8 0

26 0

191 0

24 0

48 0

65 14
57220 24590 90454 38511 53992 18896 36630 21926 57130 38890 44760 4722 17981 59303
163 0

85 0

88 0

111 0

57 0

54 0

79 0

23 0

116 12
1333 44003 90934 17844 35172 73207 39838 17924 36649 20463 90103 87578
174 16
2601 18357 12827 7451 22431 3230 87113 57313 48836 54250 17473 41936 56952 69983 93915 49199
94 0

98 0

181 0

15 0

168 0

171 0

134 0

86 0

13 0

90 0

121 0

89 0

166 0

145 13
11501 17792 10017 42861 28599 91336 17911 83509 34266 43739 2947 18171 8761
127 0

132 16
56677 79832 18120 29668 74613 31805 92316 18058 48109 56716 10227 92607 92123 28635 93114 45033
205 0

42 0

77 0

52 0

0 0

14 0

18 0

10 0

99 19
95493 72002 50722 13297 31486 29369 89918 3811 44803 86942 18402 25149 3713 67664 82110 60018 26327 81800 26285
156 0

122 10
47800 12344 55902 13385 70053 78834 98090 37843 89613 22078
124 0

93 0

3 14
43193 19769 1441 54205 4982 75988 28715 92770 73436 23414 49233 68679 6008 93556
107 0

143 0

44 10
47089 42293 41077 44184 55186 70619 5774 42450 99995 68663
184 0

20 0

56 0

164 0

27 0

97 0

126 0

182 0

175 0

170 14
91849 38329 74964 41142 83588 57246 24541 86734 258 51364 80726 66916 22060 31028
172 0

190 16
8471 467 13152 38946 43926 31629 22827 72815 385 40913 47240 79368 92682 892 47540 74195
62 0

32 0

63 0

60 0

130 11
23705 92828 74051 78772 15660 83421 52276 67453 87349 18406 78198
139 0

152 0

154 0

75 0

70 0

176 0

136 20
82340 13761 26421 58009 98607 44802 43787 89139 40032 13762 56992 96918 80739 77442 59705 62274 59229 30890 91654 71630
112 14
63369 57312 70867 17832 11114 77268 41284 52160 91132 80378 44301 41452 72141 80573
179 0

183 0

33 0

193 0

