45
145 75
69889 20368 79304 50414 97913 97620 83287 61432 24420 97450 61466 77093 8601 95550 43448 12988 38541 33785 87147 5648 2680 59585 41256 9387 50179 51543 22041 10967 36457 36852 34349 90373 17489 43699 64851 86115 66791 15099 76568 18005 85760 54515 67523 78057 69213 88313 51436 95544 24802 22759 4996 16140 98857 75822 92559 37613 10073 12700 2407 58523 54681 86184 56457 35582 2386 49838 34511 59881 91246 63861 76264 66783 48259 84711 98352
892 150
37675 20968 61034 6715 44618 1779 96126 2011 79661 26457 15094 41515 83338 23551 1194 34887 69531 656 40104 29198 96047 90725 15161 6093 52470 39363 77292 40516 98440 46808 79469 61965 75992 75821 87260 49253 67142 71240 26228 2928 95082 72691 46029 88375 4040 19904 64468 8582 76616 59909 80104 37628 15298 10294 75130 86222 18331 15946 30741 63392 76541 74018 64062 73659 50704 76594 43864 91383 95167 87081 4647 92737 74739 27983 51673 87896 29140 6482 94895 80290 23498 48224 61985 95496 71256 67248 951 66282 98969 63219 38448 69554 80190 193 91917 620 92776 98510 94404 16732 93207 91123 1376 97226 93978 55152 46732 44756 4478 53893 46220 83441 6225 27640 62753 66482 81602 39004 99379 79885 6297 60555 34565 3138 50639 50308 49522 39690 20239 95771 67382 43677 25977 96165 32172 70459 66865 3261 24641 38124 42084 4298 74046 93695 72866 43208 36804 35241 31607 59965
181 360
76208 49469 11068 18484 65326 16007 18340 96236 16504 64633 34331 69946 97978 22081 36913 98914 12716 94708 79606 10792 24139 54344 31829 213 5488 47480 87697 67969 24238 6100 4459 89285 2450 60608 45725 60272 33797 74489 41676 90667 97046 99497 29961 76765 85895 78063 17081 29029 52803 82406 31481 82119 10229 19377 50956 87803 3529 62074 28426 35060 76210 64766 91467 48719 92877 82158 93393 37385 15758 74642 6581 94000 27866 7889 96502 62401 99248 83560 99261 85818 53561 19201 22796 46655 40465 78469 5307 81478 58115 66554 73567 39793 17520 69266 40140 23803 62106 10181 60104 62779 50492 7533 12920 91672 68537 61459 45039 19797 81769 69443 60579 43395 19126 95625 51635 44036 11549 43915 31665 86809 88019 37854 39680 85914 55659 51710 9579 61542 57050 14079 40476 17829 61467 29280 20664 88174 93141 19844 20341 55510 39895 88362 40811 25770 816 88933 83108 76599 27281 4656 21961 94403 10588 50786 66735 35879 31780 7510 82322 11421 48450 25074 43485 57697 79960 66404 65321 12312 99627 68770 80377 56598 60802 97060 96335 59615 61544 18357 79539 5235 15319 42666 35567 52779 62888 31503 44622 31102 88110 45785 43830 21068 72824 33907 95594 74408 11396 80245 39811 71485 39197 70297 56639 41472 6790 72591 44780 25572 64813 56319 11839 17190 41297 74948 31585 33544 88732 42450 69751 25019 59713 79502 41733 3342 25568 54430 69730 58952 49111 31482 39104 46008 12732 21332 76458 47374 13701 38680 4487 94223 38615 1849 79138 45497 74547 64652 7517 23941 78425 58291 2228 66681 71660 79139 9902 97964 40967 26562 33459 31778 47621 32995 34659 59700 5982 3769 74654 88608 82195 74087 77910 77242 77736 73414 53627 92556 81935 25429 47862 10505 97099 86216 30926 95611 55656 10245 20607 36813 46356 78508 14787 29200 14443 49715 21606 2368 11013 96213 47178 4853 64806 60350 46490 57060 90414 1179 18393 42353 29672 62235 75291 39594 84913 79255 88363 56599 54626 49928 2581 76407 47329 79838 40329 20036 2564 68259 23999 89770 46131 85353 86457 8653 68697 42966 85708 40795 184 81195 52673 15804 39266 5163 17245 62788 90442 80296 45258 36379 77200 73333 44362 1360 18341 54001 96397 89928 11160 60537 78322 96093
808 179
79729 12242 51430 98418 38496 9879 76658 18461 1191 41024 86756 40192 17012 86475 89789 10106 25991 22873 96481 58241 18258 19662 24804 51318 49561 35703 68985 24663 51844 16179 72879 76261 77944 3523 51163 29870 32195 85075 25133 31915 33474 43803 56166 29257 4389 66995 30331 28338 97037 82545 83898 48910 54687 3185 3329 76515 81515 18885 78176 11387 81282 82928 92696 45157 99463 96874 77845 2186 26859 82642 51220 28255 23320 12340 79473 11195 77427 24228 66289 60749 5524 89722 76339 1449 83451 22722 86641 30339 13429 59703 85167 63535 72303 89836 29859 30790 8037 92012 39532 6165 18003 19185 32131 78710 61884 56882 36976 42730 13663 16423 84535 31557 84645 81332 80211 31405 58793 75824 17401 35655 7424 32559 73185 65177 92550 58772 55216 1507 6256 23313 43880 44970 63527 72760 89293 97255 92917 22395 90384 87904 13430 57774 22915 42223 10936 90800 13108 95368 84169 46344 88582 30465 87420 50404 11080 18946 34794 74494 20713 50519 19013 38264 31684 63983 69442 42926 16800 39321 54299 34284 67876 69635 49528 36477 34297 26071 21084 86740 31562
128 350
69313 14678 42111 41710 46690 29546 30415 5337 55320 13786 72579 50324 62458 71939 45703 89019 39899 47301 29599 10027 19716 46563 16191 76017 2067 71706 41624 71381 97811 25312 36306 18097 35197 68176 20743 8607 68870 90905 49743 98255 47789 79675 94304 86717 27411 91642 15480 73974 43142 73432 8415 93604 34081 26968 19894 49807 80545 65933 7600 56011 40205 3374 70506 34074 66259 38980 24916 95991 74943 16034 73889 75769 49656 37527 87421 5877 71498 22997 42598 80829 89486 15057 32652 63858 28073 80410 13540 74212 67513 78036 69293 39703 5589 50362 12271 57971 56727 72907 76796 96233 88464 38143 79199 74302 88495 57972 65799 84827 7944 51858 36717 95985 14770 97804 18246 29009 50384 24459 23634 21631 27200 56626 5559 36661 4841 62341 74812 21101 76944 40425 5868 91095 3073 63821 78952 63712 12634 91710 40583 47415 63347 77243 70609 52966 96223 85728 54041 23779 71600 20216 81039 83921 52314 99163 70732 11890 72668 16467 20674 9394 89842 69143 32159 81059 3804 92123 2296 51773 99095 88772 29018 54558 69067 2855 36808 66281 33137 12048 24704 81366 27585 56774 74211 20141 74906 3520 85790 43697 35078 27608 7188 203 59633 85087 82971 89707 71687 7849 67030 60008 97021 91076 84284 41202 21013 13773 724 1013 44773 65287 20436 67974 7535 9767 87960 81100 11286 74674 13500 12671 17448 95107 55667 25924 70364 77634 6643 30752 53265 25235 18387 78810 71441 9069 25136 53136 39655 31268 71991 28901 98309 81888 24848 98477 14757 20271 9903 89213 13151 24729 32017 52512 99473 15040 53195 7588 62573 54250 55329 34782 97735 61561 80024 86732 49513 62862 670 37743 86343 93335 93356 46812 57956 98887 98540 74736 50326 71553 14272 83523 95227 41429 61236 69580 10476 97088 29489 96905 88678 96687 50732 94689 84996 64847 96197 4591 818 4410 68163 24844 78972 35804 57504 55637 81493 51698 47239 11321 55928 74722 55269 22107 77500 33879 73708 91663 75730 94158 13047 17129 93903 1974 51418 80318 14497 41000 26570 29073 51995 87937 48737 50641 61468 47021 80650 44020 93251 3671 15929 42808 42481 18977 70427 66944 673 13220 41080 38639 36059 53331
268 175
98224 82099 57456 99465 9856 45117 26706 43571 91000 51763 54519 49069 27456 52443 18159 65994 15253 16756 14987 92687 18492 96072 54654 35934 4048 58218 99501 42052 83186 95351 7691 93868 38407 96852 18431 44786 12779 50029 77280 52099 18223 22055 22956 61086 631 81804 74553 42200 98800 94528 8387 37035 77532 50939 25257 15515 7191 90466 78004 60429 75692 57593 11715 44507 54611 34593 43023 67352 24987 37941 10119 55636 4000 22973 51038 28362 62475 14271 49206 84277 99157 70534 40358 67299 64364 21380 28001 58154 9331 69263 76870 89295 83849 31980 78643 80146 79871 96708 27574 68300 61761 42642 59872 90108 63276 93482 93770 21552 8649 16795 96378 9475 91997 93923 10145 48810 86407 46543 9815 47999 3723 15975 25400 53085 54737 92476 73032 2879 80675 19538 57720 55260 98032 58967 2651 15210 61530 9660 44044 87439 26586 60959 85287 37546 42493 59228 40926 39395 20212 11568 8920 85758 78552 30180 70645 16074 164 34468 57443 50531 70931 64795 31207 99534 68421 45213 15712 25468 37188 71776 96227 7115 47074 75887 56221
642 172
89593 24779 9731 27355 61197 28126 11747 35186 83530 50947 99518 94435 72869 30165 76779 42137 5733 46994 58525 42219 29653 19687 99912 52943 27876 48593 28510 97252 85578 82703 81913 29014 26759 1593 91158 63666 84241 93386 50504 89337 36158 6880 60347 74941 82888 34498 89625 5188 66606 80555 19474 88129 90515 3952 78433 79700 86820 75670 95054 5531 21568 94504 41014 14828 97096 8371 88455 52642 97763 50547 72479 46576 13333 19944 92722 72276 66050 41365 87489 3129 51576 54240 23791 95339 10351 73364 59677 79937 17720 74993 14288 28156 68973 21282 49231 36002 57277 20343 7213 22488 47072 2684 34899 44590 20606 17280 7192 41373 59191 27178 68639 48275 66643 14439 90647 92797 61223 35645 87649 86926 76151 92374 15069 79516 65921 83986 99545 2299 44928 23712 95366 82688 73982 60361 8052 80197 49882 22935 48523 45234 61605 20726 41543 1434 26440 36530 40113 10131 92488 30498 45752 73774 40931 81319 24526 68832 53919 54852 50345 29119 23492 73846 43206 45019 32732 74297 33486 78696 29062 56121 64636 19219
159 87
92217 59306 89526 11978 40335 6762 19279 47816 12193 53187 88924 58195 43992 14176 31878 19879 83499 81534 8585 60520 30832 83345 97293 60335 76905 89630 31103 81851 94264 22414 25662 55559 54055 3032 33214 40718 37367 9053 85308 79817 57499 51782 83471 9235 98539 56173 87005 48870 82265 39935 14337 60768 19143 85340 51745 6406 98598 53000 2796 22597 43709 14616 19507 39081 12417 16446 98655 1345 94695 3132 14505 80470 95119 78286 66000 27812 8945 77282 4938 90793 3146 59769 46093 23069 56294 91273 44559
397 161
96144 38758 74289 83362 720 73515 41108 48703 30351 255 56250 98454 83980 20353 86748 33240 69286 99746 5614 24198 26174 48022 87452 11714 7564 31088 57280 77365 42994 92486 24000 96082 11778 62052 59440 64710 29530 30366 43039 2162 5014 2999 89320 41139 973 25771 7074 65246 18644 30056 62979 45737 56460 2551 47084 66732 66776 73888 63096 91102 74466 41841 92034 2434 62085 73242 15872 26210 76206 66745 69639 31560 76578 12092 46035 30237 61715 50728 39320 81338 89713 33183 10451 85466 71165 12371 79291 90848 60278 68177 22356 3904 21954 78549 77514 97523 99298 5817 45853 23936 38158 6532 40851 84500 64320 37846 56947 70944 94344 55455 34165 37065 63361 99440 16807 69324 99780 70992 23434 98847 85236 8179 28037 7662 44951 88419 2633 81797 25123 99209 76370 62817 39718 78296 57799 9447 46639 71580 69445 70585 42866 22933 54013 17798 84099 25594 8802 14959 98965 59099 11887 76656 79680 22428 73088 78496 23909 98999 31527 386 67164
593 304
46948 64035 11471 69555 37136 26343 31987 77466 4433 94240 70655 91120 92636 57869 1128 80500 50954 59666 73296 56303 94597 94166 95705 29486 59213 82462 85014 47018 97138 19583 23308 86562 19901 84383 24446 98380 63064 78717 37979 62487 28373 31850 26602 64326 95609 23758 38438 98071 4317 38753 70672 65254 52620 28406 55058 36780 31852 32745 96375 78041 65953 76553 82563 90234 62153 94390 25061 92110 52465 99202 69279 2967 7448 23383 14599 16880 24620 51061 66928 85035 55512 9041 26216 29006 50429 53578 69073 75468 88506 28773 10841 27261 50820 56693 8245 43476 64478 56574 45899 34424 56729 73161 9246 34795 46847 52734 92216 57949 38477 72037 78524 63771 88193 3162 32465 25567 48611 52178 91274 99956 24130 49692 72393 8472 59937 1141 80747 82569 92317 46932 97705 55871 13855 29780 98178 3780 63397 68846 83807 70780 77411 89879 46059 35193 12160 27676 27321 10400 639 93965 18824 18173 93163 39683 17206 94026 99040 349 32866 38172 61599 61181 69798 55185 39585 56509 91844 82377 12777 66975 60727 98165 52137 3962 13085 60514 43776 64165 4111 5028 51979 17092 89747 69566 81665 22159 38671 80540 4340 53507 96846 40242 45297 96594 65333 59906 71009 4567 76180 85425 93488 69731 92330 72637 93835 97014 79537 59809 18630 60083 40070 93404 94224 39180 44866 37108 84735 78734 47447 49701 86118 96744 63814 49781 55834 65981 22670 4658 30032 3801 31849 59889 90781 74697 24425 82031 16119 60050 60828 38734 80982 73701 62345 47265 64199 80060 85749 64956 62604 6719 8418 26696 78136 16144 52196 81358 44099 92513 77756 15174 17662 71149 45988 1757 62628 75277 14450 35953 93365 93621 38137 85848 80940 40669 96868 39908 3640 21398 6065 58295 48800 54927 47193 74259 16926 94566 96879 640 78657 26176 21684 5512 22672 37718 75774 21742 74020 50393 90930 8619 73218 65017 72292 98990
810 146
40782 62663 36588 91909 58897 10791 65247 65180 82661 52820 12466 23094 52511 56065 14436 77760 43011 9904 28665 39665 13732 81413 61571 90826 99085 70508 52983 54027 92001 18812 34361 3448 84009 84522 35858 24775 54311 9396 31487 89931 90359 58713 5947 15404 23683 1250 48337 22363 48453 980 85689 47490 33268 60846 69382 8106 94790 56508 74627 66721 59900 36985 27027 154 54672 94794 23603 67497 34914 21087 22003 77799 160 81630 16205 28171 29658 92207 83794 47685 11661 38259 35496 11674 48069 66667 72505 41017 55929 65707 15438 98619 61058 93490 66880 89338 63251 92736 79907 20596 43120 57055 38150 15696 31441 20902 37152 8170 1979 68202 86566 8735 82869 25839 31212 17025 26522 98893 73347 56585 51371 22847 55334 30484 91029 5885 2730 91479 73168 16791 64330 15731 71994 34896 70953 21829 39455 45200 55880 22844 18273 60935 36485 67921 76203 93106
104 286
38369 81225 50248 87527 27810 55628 64508 15374 37989 14902 7838 10362 95464 26254 75452 26259 18693 71513 7967 80894 13320 29337 17223 95557 89553 6662 55274 75536 417 19993 13797 50618 88204 61853 32915 72357 33941 50213 67939 46908 45210 73341 15638 84291 34282 98693 24509 33089 60190 84048 45389 29545 43172 16422 63481 94721 41655 36476 70894 44710 40765 56915 79336 12306 44182 11062 33585 95782 11655 38572 78423 69304 47908 33198 3503 53663 89061 79903 27060 11134 70152 59727 48916 70546 86686 59076 53951 47217 60297 60237 17812 43839 80774 4613 23884 50855 52474 46587 40297 57144 64319 80694 67426 18614 54872 45143 97863 41004 53530 37301 45368 65506 20693 56084 32695 18131 53745 15537 7064 40771 70174 78529 76832 41654 61187 24904 7405 33813 86839 76050 50935 80527 72719 79760 76722 39175 16395 29423 41290 94023 57470 15044 42129 88708 13655 61445 29693 67368 26193 54333 75590 96364 2099 39833 21981 12983 9895 62441 52508 25254 82135 15598 44548 24610 948 99365 27254 87682 15115 32897 99716 33310 62980 95109 38929 86464 4179 77982 941 89189 24890 733 42159 17888 90632 41892 40707 62416 80630 81224 28329 13160 77639 33049 77660 13178 78166 61176 10944 64814 77933 76427 47913 88731 66719 1905 17747 18403 96538 32004 14765 95715 92596 40621 62704 71141 6245 37151 19132 47221 68091 26156 47098 73074 3084 45828 39136 36057 51910 91215 43785 90392 25215 5395 60890 99 33017 7816 24521 4165 59964 12299 26321 18822 40860 59795 92021 16015 14733 80942 8252 85765 85244 38795 84272 94140 12472 13834 69799 53234 90001 20191 13424 36270 39179 40974 60459 93962 90566 83244 48567 10275 38147 59018 14328 15363 99593 47675 12087 68953 25730 88196 93843 43529 77175 16336
86 276
72206 26704 57434 5900 1712 61416 27001 40491 375 47171 83532 8345 6875 4884 61892 72646 50315 88054 71621 18552 80848 3188 9031 80508 88240 99578 8878 50099 78116 2871 94030 5051 11280 98830 3239 62336 297 78029 65658 35532 50030 84219 40160 36697 62121 29321 56312 75323 63053 87845 23049 95775 70441 40856 64212 29294 90387 77201 66261 65599 57930 89469 88873 68927 76651 50122 4010 93107 39420 23500 28087 68674 26701 29903 86443 55473 93325 50437 56101 63438 79082 95665 37060 88089 80691 72203 27338 67726 99490 38989 35084 11249 68101 91503 95589 59957 93276 23918 56684 83576 59612 54643 19933 30617 71757 46978 31985 19181 2742 63846 25818 71375 28374 30130 50762 19883 90618 48462 44502 69932 23375 29831 16969 77114 97717 625 35470 67025 24398 45621 71663 15254 31953 39676 46865 36458 17651 62920 67006 60426 7626 17999 38984 29175 25632 86823 41861 12540 32483 34787 40396 28259 64141 94916 48250 73089 97988 44261 23955 14406 62087 36737 29720 81403 47995 37651 17762 49571 15371 10853 69902 77422 36784 6320 85307 92774 13102 45274 85667 82772 3642 37890 68002 57421 71056 80573 89767 96931 27334 11437 82062 30487 20090 62747 42414 26474 84082 79883 55390 55384 26299 2706 75666 58428 48968 12959 6856 55313 4608 58186 9616 29630 68851 8254 60834 49059 91858 48980 4090 80194 56089 45620 48185 93749 42043 5786 83851 6276 62252 98746 19294 66101 33263 25364 11128 70665 27020 15140 49693 98807 90201 8045 65758 45806 62243 66763 58979 73914 98531 64921 34471 46740 7159 43724 18138 64491 46244 91398 86615 85301 20603 1267 38083 37119 53710 6872 90560 53822 4510 96582 82809 98314 84917 39573 35102 33765
971 137
51901 79182 56028 31275 51062 80871 65308 44160 1442 60525 42112 38701 43267 20988 3852 16970 46245 8466 13052 78879 51825 76443 22049 73369 88490 95761 72836 43168 75715 13394 60467 20312 82332 69140 56311 64923 4671 12056 50542 89844 50087 40023 13219 88626 22301 92795 63505 73789 53031 75678 4283 56456 82190 48044 52826 20113 79417 96015 20451 6034 45331 17057 90616 52 17037 32274 61774 69923 63540 28696 97931 114 57965 26245 7803 52445 11799 49033 60544 9175 73417 25985 61024 24410 50062 72271 62894 8048 90910 16468 56391 82069 8083 96340 76150 76629 1693 82020 43227 81401 2722 89027 16934 45387 64224 68743 55698 49334 48455 20503 48594 56415 88176 21370 88941 25641 29227 38262 48996 98657 3613 58625 42940 10556 58890 73038 69483 81345 63820 79005 15424 75097 73288 29924 9608 15961 39052
499 131
82351 43827 37922 49924 40714 29887 34372 14074 53127 53506 94866 57852 26728 12390 72819 61127 27554 23399 87299 11567 42834 23081 47672 40454 54896 6279 69462 42612 38292 69875 51511 19505 73431 33727 32427 92962 74969 25502 73224 99039 66497 58975 4703 89638 43824 97357 64357 85650 57183 58903 10026 31834 17630 88093 68076 92345 1854 5194 26412 63824 80012 13255 15703 50628 8909 61592 81848 97121 73278 40186 65446 83899 44480 62620 94596 85906 6267 3128 70794 34747 64705 35427 17532 19362 1714 63774 73334 56237 46285 85334 71586 60443 42408 95273 25794 62250 42752 4735 32257 69401 13607 45691 28757 99048 15780 89552 4783 75638 13713 57317 50333 67427 68955 80922 13054 41116 52864 21173 64602 99815 9465 96503 34168 7207 11112 22782 77834 187 78097 55109 42929
170 79
28835 55092 81960 2753 90187 65134 59739 6363 3876 74881 34935 62599 31178 8919 92111 86419 43926 15739 75656 59227 91195 37847 51339 53562 15567 79993 84513 75707 16385 26539 54783 4905 60610 26009 83103 58857 78785 6310 92510 85571 25798 2846 90797 16832 84883 74115 52655 30794 33479 72581 85297 41347 73437 2848 30434 38718 56302 502 24832 61949 44751 75776 6964 62069 72516 65088 63221 85720 67049 80937 28540 56836 96735 62452 4485 7437 79752 76492 96065
388 244
29655 94086 48415 85862 21260 3410 38755 68297 76479 95111 82308 48976 66801 44257 3057 45807 59402 94279 60317 38341 20080 91344 45604 49290 51126 81840 33624 49704 22204 36822 26517 10139 2986 48527 51364 21680 35901 4951 35758 65834 75274 42326 93179 21869 41931 21060 15590 31107 55202 8727 24199 88705 2252 44619 42703 41164 13000 62365 63183 7426 91141 37590 40030 9414 63664 86879 91876 83806 35881 65552 84480 15906 82355 69939 41018 93525 33373 85815 63378 95677 98074 74869 45592 40993 97674 44631 18280 19050 37198 1617 73503 10052 83751 64354 35610 92972 69191 26287 89319 49918 23689 20400 60944 68493 30261 90202 97694 22496 71887 92077 18555 49999 51285 11725 75803 93738 77971 54576 51548 85201 22571 30475 76667 9343 52882 77055 18975 8994 13316 61861 67259 54665 6821 23175 66240 83641 83403 90306 27497 89509 17276 31535 45795 98907 80724 59080 11178 64794 58576 44144 92580 66395 42060 69348 51378 839 58380 13239 35810 83191 92285 70849 16788 74327 30423 66687 33375 24551 32190 59071 27465 35032 86579 86404 58501 45640 44168 40742 67247 7493 59059 8681 30843 37529 43308 14841 59710 20635 79939 87197 95936 37436 13438 5105 63732 75232 81831 8844 82515 19113 68315 59185 23536 2761 17242 21556 48393 98284 71832 41842 52557 35890 51781 64677 36049 22214 99901 95867 19276 23787 56631 15126 23913 579 65226 62886 99219 64322 199 79478 33964 47289 8851 3963 89840 59354 44768 99583 64044 57931 53123 53418 16173 42203
697 226
60262 99211 70890 20962 89010 45470 25287 12134 67323 39810 17238 89853 69173 47057 67267 84816 42244 56443 59397 70334 87042 86536 52113 62427 69131 13799 76640 85588 79110 43940 82112 86032 31722 89967 65355 36858 87360 93854 1883 21724 18472 97035 72158 12038 72428 22848 88243 66390 56746 75479 24771 29255 55242 80044 99655 8483 57942 64526 87835 18118 88036 47545 97939 62091 83839 86172 84228 7637 69855 31422 83440 23489 79175 42945 54962 30917 21810 47683 65440 64356 72015 95688 30144 45739 74714 68255 70764 13493 87964 36681 39412 88983 30894 55770 75021 68340 62119 23666 32759 45937 20551 13288 34628 36710 33243 35229 31754 10803 47958 43951 35093 5553 56529 92660 76387 16836 39623 12247 77179 61074 83903 63502 40008 85683 5283 35365 71183 36585 40740 39559 74905 10461 73003 77723 74411 9991 98902 80390 64844 70448 8766 26523 30920 73362 68547 1335 91933 8497 4098 88415 71011 36777 42050 3512 93799 65687 56349 98701 99748 90967 25569 99201 86347 66197 3715 46802 80465 67987 18626 13533 96416 96591 89514 51424 31581 73257 48180 59346 27364 2042 30630 28352 45943 52442 13484 82257 3296 52013 98049 49135 71474 46110 93508 93554 79031 33690 78028 64024 77489 39626 46196 23766 66006 80077 40490 97413 15548 249 83273 79990 32319 51175 38381 94173 67064 24588 19964 96882 28734 90055 60195 98877 38764 18019 29349 52024
738 216
76396 23312 26939 6376 2197 73139 87950 82919 21982 6984 35304 78361 51506 25546 35999 56988 19887 40614 98249 96950 22607 12746 21015 75677 14133 79194 74234 7106 39461 89893 59207 10636 39746 42893 6589 68347 53382 67037 91227 39492 71191 37798 68473 43207 46454 47998 74437 59490 82251 86297 73577 1761 9372 2110 12619 96997 99726 93197 66455 21640 64156 9845 86070 8672 94287 10225 83828 25880 22518 70318 43684 94200 91103 17272 11422 78098 71093 83624 86859 48773 31785 61889 22972 59527 54231 26295 64194 63639 51925 19120 94942 78849 77495 10921 35494 35510 94313 32149 21257 10313 82659 71254 28263 53353 39771 17623 4691 55343 38055 72116 79904 57262 67545 62282 88482 61532 53605 5891 73593 40603 78086 84572 14215 75979 16575 28445 34608 28886 77896 1417 71006 90067 33867 18784 42480 13796 96973 33187 76255 22231 69782 26533 20514 4248 42103 4699 24469 24281 99702 3012 67042 33636 76077 75972 43268 49377 15974 26319 73960 59941 74909 37358 81874 66080 87410 28759 86716 58164 76793 35179 19676 25132 59748 46575 67138 46657 69979 49584 56859 87780 96685 37831 34323 70553 93812 9360 96890 96572 83360 73791 34076 93142 254 36107 36470 61625 71406 20650 80267 90999 15846 63884 45359 56444 69426 22794 13197 95295 65293 6615 67978 61877 66456 23998 84173 74338
607 214
83676 76013 58131 92928 31419 12560 31266 208 98310 92853 70762 22443 38597 96097 36514 3649 43579 82817 7443 18414 79286 71654 24219 16061 70076 55413 82371 70619 34929 15475 53180 34913 89888 35569 85230 60960 11465 31311 49207 41442 13925 46897 32635 28848 95089 40053 50031 87544 55016 25639 38149 32464 45118 33399 57156 92195 65229 98248 91560 46263 29804 47053 51975 60840 6262 23742 92602 93159 64842 12654 29230 57817 19069 50200 40920 20243 70414 23522 15153 64467 28157 50790 82324 48613 14326 5175 15125 69196 20964 7222 17402 76477 79034 1576 80980 91356 2859 84775 55068 79797 87770 47863 70653 2728 20612 43816 30260 35429 12239 23464 56268 89949 53332 86520 22792 90903 18294 42312 8075 12956 34997 89000 96488 30567 5895 95456 50914 76091 7515 71088 64565 92049 55999 69948 91732 45701 30471 82114 75878 9189 78337 65511 38348 82921 12936 57776 91332 96264 27936 29676 57103 44706 52994 87485 9173 87335 70113 9116 53862 20270 96540 25173 45631 51589 27613 98950 52800 38786 30424 15815 2458 74599 88953 85530 32530 83430 38905 84777 63330 40097 75639 63716 47186 4638 29820 37742 57132 13711 8149 34113 80406 62233 94495 59427 14612 87578 36124 41461 7050 22179 50254 2128 78875 72981 90936 81269 80956 79401 69896 31146 17462 4810 99284 58657
503 103
17176 67599 83317 46051 99362 50034 23654 75133 88034 13789 24935 87667 88425 12797 22653 40566 62802 95756 78044 65872 60805 13588 8287 63827 2552 97952 69585 97082 78509 75179 35068 33601 79488 18571 88542 6632 5980 1309 72231 54268 17019 8437 16560 80603 91579 42917 85515 15058 4678 76452 59375 83738 72983 23339 32404 33427 65652 74531 72850 70722 67966 56864 34631 33758 11901 9947 40441 30142 53359 90678 41696 51977 55840 14943 78297 70276 82245 94008 91823 1909 29143 38781 97686 93783 94254 84057 6709 82321 28615 59267 51050 44617 676 38038 18685 36959 16854 13274 49180 81503 51338 9274 85977
666 200
5929 62654 13453 27029 10816 28294 36176 95215 1505 51022 33312 15194 11998 16589 33290 34856 31380 7397 44595 43286 21266 93074 83230 3742 81808 54242 87469 51674 67533 74017 78325 76481 70618 96111 17109 61691 28414 64897 1988 96715 28412 99124 77398 89667 89073 90976 38941 36981 65332 11228 69208 22850 66666 32663 31455 4720 65512 55465 13519 36625 57650 5184 39342 55546 68343 46797 95354 40485 79586 78735 99441 11044 30108 69398 43299 34662 51046 86277 48243 97430 2799 99848 22382 8056 19884 23132 61593 28502 50705 89444 73202 38042 48753 85676 80489 92478 74884 420 67995 10524 64757 99798 64820 4660 95821 13990 34244 25340 66507 10894 48278 23253 27877 49626 70342 83721 47362 36957 93913 44767 98679 1306 98949 3029 33390 54472 74203 90301 26395 428 21536 45868 99193 49356 39517 2399 9624 1430 55299 76713 47870 26046 83271 30170 60463 38852 15425 15700 2270 16365 74317 21509 65697 41481 29993 91713 33194 18731 84227 81181 45513 56274 9821 56441 566 55176 29839 26354 72234 89113 31964 59362 56261 24137 84569 25191 33944 10263 83712 12154 28998 49791 55181 37753 20799 87545 3674 4836 74895 41093 13940 86812 47120 51363 37782 52916 60957 44267 47156 93845
923 186
92015 31812 97163 57170 9666 65576 63867 96422 83574 5102 95588 47377 8058 79017 96506 35129 46883 67181 91627 87265 52190 23469 55525 82943 46384 45652 98767 31301 10442 50101 51780 91785 5546 6096 23950 77230 11439 7782 67707 84968 86647 75270 38355 93653 3340 79470 32968 75970 72949 26994 65535 60836 40952 27171 69978 73099 62965 32422 88638 49729 20382 32440 68600 60597 49204 53851 22564 4789 25495 35130 79958 68085 9035 91133 7576 32259 76430 39113 15287 96513 91655 70304 6564 24917 88038 79716 91923 55174 69152 73678 69820 78165 63912 40151 13643 7665 22562 31035 40254 62187 59818 16394 91576 44588 60411 58792 10771 27138 59203 45219 58304 85961 95185 2959 68952 17957 62902 42325 63721 39942 4256 19622 22983 9594 78205 75045 86344 82702 71281 79574 78857 89671 32761 83012 32654 21560 11632 18021 83223 80320 84963 73375 83212 12656 92342 51870 87415 65273 10093 84862 1063 94883 13258 64673 30318 98360 48924 94478 69809 75229 25430 48050 438 5130 4380 17446 18939 85942 47525 53227 3326 86140 39066 39628 99985 6352 47090 21466 58213 83396 18110 28202 15077 33397 80349 79950
457 182
48255 98722 28083 74288 8177 28118 68891 99357 89035 62043 38528 81869 28442 6413 58813 68430 30316 91061 61766 83483 97168 48691 36318 71745 6781 94379 30947 86914 54325 95192 46337 73184 80196 35165 75686 49218 8487 13745 66138 20411 48609 26289 95610 38614 93723 21802 76975 22883 99803 28090 59173 84663 20556 55754 85980 94865 9843 59420 52210 15541 66378 42022 83466 48132 20776 70679 95731 60380 27425 63807 43374 15588 95480 26924 71538 71977 94766 52390 95571 23139 62983 6815 47384 90522 67648 73734 86791 54804 41426 13401 53209 19706 36551 10818 42788 10110 60726 16965 51513 80759 63998 6271 39629 29463 69217 8316 96649 64305 75060 51480 21162 69129 63563 18584 57023 8793 56403 84659 35497 60801 60711 58464 79422 4648 20180 37589 14814 88759 59089 20592 72854 7836 65279 89776 41357 50296 8367 25021 95789 48282 44749 15766 73275 24898 90686 57861 23099 95262 12968 10344 83689 70995 38978 94621 29148 91112 38628 51441 77520 47023 37378 83953 77629 71709 82291 25998 77704 94586 79400 45380 57735 82188 10639 314 73112 95750 93347 94057 54424 82801 69962 56815
373 88
39827 65802 55153 47163 8612 45273 19592 40893 23203 65910 35973 50953 26954 69492 97911 98188 58607 13426 29610 37161 36186 87534 1724 81023 29269 62141 2881 85074 90679 21416 45686 48436 74160 39013 24318 70014 46981 70306 29777 22130 42793 94248 8637 45999 13979 95626 22162 43732 14100 31155 78137 37320 93324 52182 52490 80773 62592 78845 10517 72295 59817 28095 2785 61203 6285 80228 27395 44959 86432 3160 23507 49100 63808 17471 37888 54451 10054 50624 60854 87612 95528 87066 89592 89192 29015 65548 16142 34185
724 83
97798 81581 28332 26767 93844 4177 5157 14630 73516 65430 617 58843 86589 82391 10970 96892 10901 93194 88996 16391 44095 5654 26581 26960 69336 20625 94822 72196 45318 63329 90751 89813 67236 13244 15270 9228 65874 867 66327 96489 73628 83301 23350 97124 70219 9166 5245 5700 37858 40722 33747 26130 42278 13521 84376 22890 29196 70570 98866 76340 71260 15659 90870 96332 31808 71961 10259 58466 70228 70560 3540 82611 20846 34669 81386 80782 70600 27293 22020 36675 74307 16108 70322
52 79
98087 60842 96693 7310 55010 38157 97061 6734 85483 44935 54364 26922 79788 36459 90811 95242 6757 17668 72633 51795 45124 94174 36958 36346 85312 11830 22300 64539 16383 16549 69045 25435 38429 77147 60601 92394 62724 36200 98296 34436 9481 84008 72902 17220 72023 57673 97087 52094 67342 46361 99517 28289 50926 83289 8416 52516 31519 22871 44500 40406 95852 77182 40170 86939 84617 92241 63635 71516 96570 80749 95766 14486 31806 3223 63702 78821 73389 57537 45319
668 71
77980 20742 59776 41616 29505 31627 31660 50781 35893 5522 76703 40510 77914 7730 721 74994 64312 7534 11370 2900 49353 10156 20913 61779 66898 35085 21577 77294 89983 13714 87428 49355 72491 82750 66279 84311 33656 39099 65509 25047 50556 87635 17923 8882 20673 59819 28301 29038 29884 88958 71478 26708 60038 38208 34547 13 53374 37370 41172 945 27381 47667 28701 10783 44656 32882 22762 25709 19658 25045 34232
633 138
84333 35090 24174 59255 4839 5409 29218 18803 13600 78064 14241 75701 3176 15427 30829 42143 16768 37040 7265 33378 90731 33391 68958 59181 15042 33371 64316 7858 78960 69234 46646 6869 67872 51581 71747 46248 23054 14177 70142 45628 10876 94799 4970 71197 94650 41489 1375 65843 8757 62332 79984 48158 16132 48466 8881 46238 21871 32458 42247 68080 37737 7058 36329 1729 81402 29734 3222 58580 66982 22416 99733 37982 60632 69890 83662 89060 93512 85044 10590 43981 2154 85779 75540 99555 52339 2596 57334 37835 74816 99768 77837 12226 74710 74412 21941 65416 13196 50094 57110 16916 21459 63533 95519 24231 40004 43704 15628 1990 40502 3846 26569 92851 81696 30278 40745 37638 38652 68616 31467 30026 66125 31442 33612 3420 2349 89748 12177 80497 72868 21754 86308 95853 99205 67540 29891 36112 13377 1450
768 126
24374 30964 61685 54090 79632 90452 47681 12903 25117 12393 32144 34601 49986 51707 5591 8749 77018 75977 50570 45418 33987 28739 27663 2023 21778 81564 89498 43487 23635 12357 63300 30300 23499 77624 40481 7381 72137 80111 58909 48755 85809 84654 78403 98514 3521 24029 27306 83706 76937 9330 46590 48015 29823 10137 58891 21682 88496 94902 89769 68794 17289 86072 7977 53156 30125 52959 36723 30329 74154 75864 84833 2322 52246 44978 31655 50241 64869 96946 35713 38067 30586 97453 59579 43105 64988 47433 98420 17263 70314 56471 28337 81518 45635 99254 31338 6952 34262 27586 89316 51485 55173 60453 42548 16193 66236 57307 63582 68084 51896 41351 87476 53726 36267 58349 85168 33668 48606 24733 36265 76712 50237 29427 85142 87246 62588 52752
978 59
55272 68403 28801 33615 25197 27282 6259 35559 41292 1783 14796 22153 56354 66322 40031 70268 65318 44097 7212 79430 83052 16408 46555 48333 40686 43322 13327 21448 48268 39914 55806 58593 8762 19176 10601 29559 11488 19330 5067 20586 81528 8209 48942 4086 23785 95903 38914 22502 9 75794 59325 67489 55971 77121 88030 71921 35815 63681 69963
496 102
21001 43030 10545 30357 30171 17310 12504 33437 46258 12330 77833 1836 65214 50105 44188 13379 17903 95469 27520 85173 70273 57795 91596 40670 17348 56520 12821 48600 21142 67022 11100 36334 26370 39435 51111 20817 6338 61018 31211 68816 14668 71984 32311 95956 47394 1616 35746 97796 32691 51505 85158 27537 80692 8838 53609 97749 82396 54996 67662 48802 59062 39879 73487 71105 57116 23036 97544 70964 78626 11054 51902 46844 64178 66297 39819 59457 38290 82122 87807 1280 10855 66386 72852 90702 67093 69589 92891 16425 20550 55760 51282 76121 2915 43993 20190 41571 82298 944 86350 86394 40172 52791
118 49
68384 78352 44514 39173 15769 292 55115 72565 23386 85033 78513 18931 62221 85188 33954 78763 75594 98198 43705 74159 73878 42501 52640 69636 4403 36215 96075 7787 42831 51256 13875 85864 16233 84789 71147 38253 90673 25867 54506 64476 51106 14419 39840 59968 43177 33938 59788 99562 94508
696 84
20038 70299 26774 32800 41844 25483 72291 73130 66784 5034 79123 9752 7777 31354 77672 27666 66556 95385 97851 12836 90620 60021 79151 74098 2325 65604 19900 215 27248 51431 62625 59927 32352 95839 97976 27919 82914 72232 34801 58039 15315 17612 76855 6900 1027 6985 95776 7568 29305 70625 746 86408 48424 66803 43048 87877 30263 40994 51654 59149 44986 81621 47226 22007 44663 75418 68565 21973 938 55428 34064 75216 23673 42600 85748 21465 29194 93801 74117 21233 18112 82998 14273 37879
114 37
42970 76784 49802 5039 20914 78422 32963 41723 3964 29323 51203 20435 32467 46185 61904 18233 732 77795 43348 38796 9139 9919 70816 49383 10208 88713 94525 18633 13753 48979 95213 53740 9522 8680 15577 72339 75780
234 70
13421 19872 65163 19960 75512 14290 80734 62149 45382 95253 22498 81939 21732 90399 89333 21785 26612 49699 63065 14127 14718 3959 42987 61602 89020 31452 99253 35089 76463 30112 65742 58740 79763 75354 51700 23932 39306 88721 61388 28527 92491 54277 58849 41141 91811 85826 30762 96287 68640 49878 90026 47105 31078 55080 89195 54509 40448 64550 72601 89999 21598 15106 86699 36756 37764 76446 28580 8148 80291 11052
888 29
1047 51194 66469 29042 22163 40721 3861 22411 24783 109 52831 94533 3264 60276 98 29575 93701 66152 8295 64237 46736 61405 75052 78759 58517 30750 10150 75808 44377
105 54
58109 48381 29726 44939 30061 9354 71476 15305 70652 554 73029 87021 7338 19357 30887 49697 75099 92658 80919 94123 40957 61649 33924 37115 29704 6550 17600 18687 52565 28915 68207 89511 35944 80432 80386 60515 49579 19146 89299 20753 53354 33692 81969 70332 32305 2640 10123 92644 68859 92628 86501 5514 46867 40098
216 24
64238 84123 71547 73020 9305 86458 93247 13957 72110 19475 93726 70988 33303 56736 98382 27193 90474 33180 35863 65408 8883 64355 16454 21192
221 21
47015 66391 18439 30788 58210 2939 63931 69314 62039 9653 96568 42072 59295 55582 7527 71305 4511 44632 8930 68448 95958
323 38
99765 83364 39569 86560 22191 66247 86090 33994 59526 5778 19562 99786 46625 59922 3833 75477 64007 97603 16884 90458 52027 92056 49647 32549 23384 70485 67239 89716 13423 67430 46040 43633 68496 49022 27299 95759 69761 61799
710 34
70171 64824 28783 548 42520 12550 95396 89639 17004 49742 83351 38931 69342 43026 90203 89580 6852 30839 8305 79870 7339 32707 69119 11670 28293 2315 95027 87386 45714 85638 28532 48840 83725 9969
907 20
58163 14889 51333 58249 53282 91863 3893 61334 13970 84206 29183 24999 35979 12374 70946 98258 42824 3550 99528 42085
211 4
55275 14596 93306 43851
630 1
94839
