36
30 194
31558 14443 45959 70209 83748 67053 97346 29795 47419 50779 83813 38605 55635 1344 23143 2836 87317 10182 96802 25378 34328 54897 30536 46349 88789 8544 51096 37326 36854 41568 66857 52789 83200 75238 58646 85502 34569 62833 71038 5677 58616 35352 25251 82742 24433 79464 56285 22585 74656 76518 44608 83065 6858 25833 26585 32787 90361 13017 11460 6223 68681 58649 98204 9000 45884 55777 10051 48224 3152 55400 13043 60693 67950 60458 31834 4033 68430 31489 8569 60449 24383 19440 63515 658 81921 97140 53993 4030 43662 43006 20053 15814 34985 10267 91843 18595 70403 20008 54480 5054 61167 58108 11058 36508 37084 15374 78060 35530 32694 70006 97933 96062 99800 35079 22597 79516 13611 33792 36905 57223 72506 17845 45695 31934 20094 74817 43281 234 81111 68727 99032 12117 35059 47921 93839 44229 85294 45549 68156 31434 59383 47025 87209 92759 34654 30152 4889 65041 84210 90674 87775 79528 73409 89383 84048 76220 41296 59692 58808 51083 43791 47648 34340 67055 50956 86554 62705 35365 55159 97472 10407 63018 87348 30439 70886 23552 3869 60482 66063 66116 14451 89235 63845 80450 62695 50758 73914 4633 27504 25461 77999 3807 53706 9616
14 0

28 382
99210 61193 57724 76381 953 62354 38854 88701 31118 36978 22787 74829 9141 67100 64696 46505 62463 95235 32590 35977 41153 261 55683 27544 35461 86920 10280 29888 91867 84080 68714 29589 37360 16693 86294 65789 5201 94962 57124 23234 33087 27862 25217 27959 46587 14453 7675 75599 40946 87076 50338 87121 49116 54249 54555 90531 60329 97616 24159 71787 59073 79088 77232 51774 71863 20746 25665 45152 94448 3148 59247 17240 69803 40147 64071 87787 63678 22050 1886 37574 10172 56412 14027 35848 95823 8831 64616 12586 84186 90118 94288 53938 71334 11371 98556 2409 23276 60966 59236 96773 58494 10958 24881 30226 50268 70450 47859 40605 66441 31672 20245 86938 93471 80153 98248 63485 82832 49584 43228 95342 10443 17459 64006 84312 26838 67132 45472 98751 12598 67274 80649 68689 92264 74994 30750 77013 13093 1827 82664 31125 41932 62058 30626 14071 29309 7381 28999 54733 15542 98131 66204 2451 28760 65744 87187 14883 23164 33401 65360 94988 23348 97029 61206 31403 77302 90602 2250 11176 70083 64517 39896 36428 18610 62863 56670 79080 41439 58911 27663 26901 27967 94399 4757 20067 66046 69324 65445 32498 86158 56715 94737 46247 30672 66341 20522 46829 24171 16336 33174 5130 86998 37069 21568 9123 40763 5917 71539 71717 4990 95606 22552 73529 14802 95037 323 69433 73091 14684 9506 56302 84572 58184 85889 88515 34585 16366 68853 7040 1178 69964 67952 13070 73741 62970 21425 44959 51082 21948 41875 70339 4492 62938 31074 51843 11061 35683 23923 6110 92099 32203 18451 98724 70886 50221 10461 41099 12885 16285 22958 64667 14143 2400 10937 97963 24695 91739 20894 57209 29069 21142 40121 28357 27379 25178 40754 93599 90 92892 81040 23864 51149 46646 87856 27397 35580 63242 6455 37811 549 62436 26976 39846 17715 54053 57648 5859 40668 6259 36814 40927 8932 18920 26956 98874 41054 72372 81864 99073 60760 82894 34166 86971 37651 91859 54054 69740 39462 6003 56572 17244 51284 5243 75988 92839 11696 79126 59700 35842 99281 24970 11335 70079 81893 43069 92459 91637 75005 83154 7330 52613 74002 21908 8877 93036 85001 17867 91391 73840 75181 56852 21955 45771 70084 59126 53534 38758 30860 17804 66708 39343 25581 52743 93801 65533 29042 20512 84966 49816 39228 36906 20579 67615 34484 28765 50430 73861 9735 52890 7734 16447 6163 76438
7 176
5948 37174 98533 30436 58708 57380 15829 90320 92566 72984 75210 98282 48248 99380 64488 70050 95101 11803 45381 77021 49120 20035 82338 41620 23995 92753 87916 96980 51594 3684 10684 11578 819 84630 37375 49559 40956 57120 88716 2595 86538 93536 80513 18983 89820 68369 12230 28078 80107 36173 67583 598 79108 92979 83629 31007 26746 73471 18730 56231 38007 7276 91396 45936 56691 97823 26576 53571 78238 14906 80522 61185 82477 24954 55495 44752 74304 23266 51537 65072 95150 47706 14661 73285 45419 51238 86948 7992 41371 96985 15406 92947 95025 23873 71728 4698 66005 911 4625 31097 50642 69333 70880 96460 8748 24103 33118 20852 98510 33086 21067 38237 65487 34995 71328 88170 29958 81962 55805 53956 8085 55610 79896 20 56089 21637 24486 5438 47178 10810 68528 11081 53235 70857 49231 22124 95139 43103 78467 89295 52899 65095 15797 95126 13721 75688 41423 83059 32755 26369 67809 14575 42857 95133 43898 6381 8404 31801 35358 71137 85854 4759 80887 74027 70343 82057 25556 23689 36827 99321 90064 4178 44113 70769 28118 47904
33 392
53725 4994 16100 90205 28459 66439 45142 8608 18116 99543 46263 17756 59470 92475 64905 98109 85155 69618 74727 16888 24455 45094 39007 46891 10803 56507 3997 23159 90171 55093 73468 98398 46213 30409 80969 38586 3261 18183 48933 7753 756 97775 12322 99428 73678 77074 29076 79483 45901 83487 58139 21349 70043 14865 37700 7527 80759 81808 52405 34326 92832 8770 62820 8072 88609 8111 51941 59098 89146 28089 67065 32281 71374 53509 25277 4808 13450 59865 34980 77762 19696 86012 44405 61523 69180 73556 62426 51088 22509 32198 63852 50881 62374 98450 64873 94087 41178 70255 85291 14056 5618 54235 15972 7071 40556 75724 88916 51829 17729 70439 97731 61436 91455 9031 26623 38895 69986 51277 39693 27269 57751 27183 42774 1667 94834 1419 40472 14000 25482 67901 13886 5123 89452 82852 3557 78175 16233 83685 80921 71921 11053 8541 82863 60027 56142 95099 43791 45352 42452 33133 52338 53149 26392 45915 86995 33311 86550 40299 92238 41082 32454 5248 27583 34726 29355 87833 609 26951 27374 23633 96105 98200 28528 69898 66422 13387 64832 77257 57017 15657 34809 46085 65605 12405 14397 75105 77056 39036 24661 58257 23396 39466 6919 32757 4 79784 96903 38361 66835 27014 36063 49799 41619 13268 42239 39266 67345 2789 9839 9723 50978 18700 81964 4002 53253 89106 78159 11403 24170 88525 84720 22194 29199 21526 67974 48790 42770 29203 87689 27584 92278 69840 67757 98021 15674 59208 27536 55860 35027 77422 39734 23177 10778 61484 28710 24854 88046 74447 60459 92249 67611 79606 96440 88752 48693 14808 3220 61347 45119 27073 41507 72038 36310 94191 43150 20955 41707 48476 8951 88272 79203 9985 37500 82049 98897 35141 75175 2875 89416 50597 28488 36538 85129 86887 4918 9205 65713 87344 32160 9570 67583 81419 34634 58013 60949 69426 12889 88359 42661 28239 47747 69475 47935 79324 82649 79641 38945 64696 68675 35226 54987 37574 89409 21577 95691 19893 73375 94341 83631 84743 61471 84102 22655 98101 16331 26553 86162 65094 94318 68841 56909 58632 21075 46193 47383 70385 99796 84140 64930 46518 15527 73325 17033 63685 48393 9783 44537 47057 55281 26694 43053 74253 2557 66169 73395 16279 95469 38878 96360 83277 3074 53834 85414 24334 68286 42020 10764 2227 18676 30688 18193 93361 23090 65825 17510 15680 34451 42734 63132 14581 39699 66408 64756 55129 90248 7218 60906 89557 89824 73543 1828 51121
37 0

0 344
693 75179 45572 42126 80650 36651 81433 3066 92963 52090 28322 93817 47044 80191 46583 45680 29259 42332 90797 5610 30623 25355 80118 42800 67516 73467 30475 4290 39973 79038 45717 98726 54534 33315 11917 87833 4213 24972 25592 14769 82801 386 92397 80909 86413 38069 12261 43658 34541 6973 85867 74214 23462 31470 22580 9441 4113 38183 48946 25170 89610 96360 37367 40455 71846 89603 91865 58955 9857 72715 85982 60944 70381 96897 89497 19369 92380 75458 24867 31633 71844 32267 83655 89917 56984 39752 53602 39635 31074 43297 28809 32237 27998 84991 94965 50523 39496 55326 62548 80354 18369 86920 35444 17880 2500 44902 64691 99650 28604 47842 77763 89805 2846 62860 65856 95567 3342 50047 20380 37903 84948 22260 26528 23954 66827 38494 71589 28683 55913 41289 1177 34505 67555 64658 37925 42434 2926 73775 593 32003 71970 67732 44167 8602 3951 67463 73947 65959 4328 9591 8351 30262 12421 41071 62989 5325 77669 77738 10108 38182 52440 30407 71126 3313 6600 1970 39198 8930 42234 80092 59126 2885 93442 14100 53706 38677 27656 62436 39492 18709 91648 59278 77895 41469 96727 81797 74370 71630 76166 85336 22510 99630 50618 63100 82252 34373 40929 986 7180 86227 19265 86636 88953 27863 2797 25685 85368 56286 50317 20438 32366 50625 75985 37116 29628 12286 85809 11006 83832 84835 11007 18877 92730 1734 37567 51722 21671 44616 35983 42729 53941 29655 85964 2407 96284 5683 49247 42557 48814 50592 60041 6093 60979 45358 48125 78361 44402 22599 76197 69055 54633 54664 37940 65316 99567 41060 8674 79283 18088 17643 8024 45410 4731 41328 52583 23922 61524 94267 13975 7292 91345 65211 35197 38880 34352 80160 26092 52050 50872 74650 71381 9069 17983 83834 86242 58636 98633 15755 29026 27615 6970 70371 97566 43074 10284 64075 4476 87332 27933 83315 52906 93968 54810 49538 46257 50394 52465 40061 35107 30769 59703 56271 73153 36490 74784 85925 74985 9027 63263 31819 93078 80636 13782 7563 81264 84637 35512 96613 7481 72752 20886 6580 4374 97495 12749 79315 7072 43162 34608 35661 35319 83261 86342 63214
19 0

16 191
89533 86847 60320 60703 36744 21668 931 7548 43283 62233 51764 53237 69081 79960 93602 918 55094 91187 25859 41404 72968 6486 24552 41211 51583 30622 65401 76488 63963 16781 78853 25049 4742 7620 11700 30381 55402 89860 85450 67572 15493 96452 61542 6961 42525 14588 93553 29129 32198 44661 2649 73996 27498 74136 39138 53416 32003 78569 44870 19501 78026 91282 76713 7497 73169 34684 35385 25958 15927 87037 55768 94884 13135 90844 43053 99873 11971 96003 31001 61287 71735 46752 65674 13544 31024 2023 29432 20732 70569 11760 76218 82953 14122 99090 51916 39485 27536 34320 62697 34547 68447 92309 13630 38340 83873 13579 10628 31042 67627 39349 83353 91339 41307 24457 57344 11439 45813 43962 22831 24614 93963 259 79098 70903 59816 58638 21816 520 64035 69407 45052 44092 50870 47273 821 19363 96571 54398 80551 36606 50310 71389 47014 18378 3502 42570 3834 53337 84998 660 36204 45264 99778 92314 23843 79631 55537 56270 11222 58870 60621 22648 47940 24576 28361 93685 75218 63138 29312 75382 11584 95850 84127 10565 77233 80795 21413 75254 83712 9173 95170 28739 80277 40070 40899 66490 32348 25288 64985 86631 21156
18 380
50271 93987 72418 46503 25753 49572 51556 81313 10395 88846 9926 89851 50478 94239 47653 48015 49846 39108 94857 47721 20132 15104 63952 38753 57008 57474 25183 20947 32484 25000 40549 47808 74808 70635 16663 95254 90604 3895 47697 82373 44328 76571 67920 16457 45096 76327 22756 99743 57864 33325 33890 98401 79560 41815 80763 98455 43994 77529 12893 49194 870 33913 22000 69670 7386 80455 56296 48867 24651 56362 57852 89969 68306 12564 39250 90274 67439 16975 29113 4929 65173 82652 5770 45342 9753 73935 47406 7009 11404 12435 54693 96879 29138 83966 42396 48418 63304 75502 92052 96762 27707 17217 83669 89899 9347 20633 56820 12516 69242 64212 1778 68058 48023 5140 18257 658 36022 4856 73824 45206 38724 37514 52865 44156 25482 34443 69748 63764 38135 72043 40871 31166 86040 13098 63765 74596 2302 68664 11980 3499 78466 98376 71946 71010 47626 8059 1960 32702 92918 45220 3322 88057 42237 21349 57191 26961 23676 16557 47122 57790 81547 93791 16006 56082 37195 64905 38544 58378 31182 41023 3985 92016 202 94241 76964 51739 10791 93428 96900 23558 29362 34415 43966 39900 70920 71310 7015 80001 78218 4121 72885 37535 13297 36403 4901 46012 63944 23208 17462 16924 25056 34185 91656 91465 54433 32463 5147 90390 43002 14660 15202 68752 7441 58089 58172 42825 11930 46832 12079 69205 16201 23389 78684 97271 88777 36102 33960 99039 4437 96793 70485 69171 54784 44126 21312 20465 94521 47118 44662 94775 87013 30091 61666 94175 76668 93398 36744 19431 69011 40324 11364 33717 8752 66799 96346 15763 36510 75277 85811 31268 6762 31028 3418 50407 75451 15884 71886 48407 51067 8978 8418 70415 25502 6616 73823 4409 1869 41358 75148 64739 66287 67027 19980 66414 56179 61492 78713 14954 61192 9063 85247 85923 93969 43401 93362 2925 64859 95510 63390 93463 84011 84476 82885 50956 73905 5406 21127 5589 60643 92048 28176 11122 59188 45887 37081 26323 79108 87001 16862 17718 32179 13466 94650 81660 97011 66609 34915 84823 73268 57361 75875 43167 92503 1691 76033 3977 94420 63339 10678 451 95374 27307 56597 31077 95419 86279 22954 10774 60503 38441 60548 67386 20930 87547 87185 2089 84545 59095 50977 16114 90365 9658 72008 24171 73191 77692 56288 81500 28573 1967 69599 47325 41179 71056 40270 35212 52094 15867 87500 90165
1 0

13 2
35977 27540
12 191
27699 57836 26523 10274 86930 11005 2637 7790 21700 95703 22790 13709 35850 48465 12653 90385 75670 56835 91667 26562 45885 42682 35575 68508 18965 87400 75503 12647 97662 60388 13553 60918 95900 38280 96492 86875 56687 55531 55238 27129 66009 8877 11075 2530 74786 45358 68989 82252 92989 31386 33262 7961 65567 12851 65154 82594 97550 23190 34643 13314 35496 5726 93791 5387 18702 73482 46326 63863 25774 24411 76646 2949 4771 74385 22318 35398 50948 49696 32663 14333 8184 1400 84538 25758 89143 98421 22798 97259 76008 30268 54180 22637 33346 10428 38230 26002 2348 82094 86185 28876 97439 61394 39836 27916 9445 14339 79455 82603 70566 91286 9386 50339 27824 6615 4160 15390 3438 96157 99070 94384 31125 84494 15767 89614 45566 42154 38627 58150 98231 59370 98949 46482 61455 20543 86494 18306 55510 29943 51729 53 59838 78955 66942 22034 24754 15874 49468 9836 57330 90696 87150 68555 85531 92235 94665 62424 47234 68387 74489 49299 43202 80151 40603 51197 45091 80973 51593 18198 36112 66817 20473 13317 96508 1577 42073 59422 16068 71746 45311 95849 69103 7159 55011 15340 35454 63251 1596 46166 25891 83841 91629
11 0

23 0

21 0

4 0

8 192
31197 16499 89201 58783 46867 78009 4661 27758 97205 32977 52663 84122 80408 65109 51427 52215 64444 15766 73624 36488 5704 91705 85631 44371 52298 77203 45642 3257 49500 96264 51361 19224 59667 81160 40469 62373 35356 91434 9586 8074 98349 36263 61803 20778 14518 20208 19320 78369 79422 64457 1721 49220 62671 80259 52513 54907 89828 66346 8048 38958 69799 46605 66380 71694 62277 80753 68242 59062 39124 68750 84874 49501 95522 33835 76467 2582 38734 97756 7506 80872 55421 18697 97881 77250 3396 42239 82589 95252 54383 87019 7322 73147 2827 29176 2623 25872 84529 21185 15304 46906 9777 91412 22909 1434 45945 92496 10326 55755 84678 93197 20552 61916 66863 19283 31708 52310 38763 70032 35221 17803 43269 25775 46628 69505 89652 41366 1653 88290 22369 8493 57061 94587 94047 11758 8777 91561 32297 98639 31135 81204 83442 58188 71454 53275 15658 70865 93399 45306 49387 9279 727 59659 69977 28293 38916 47436 79878 19856 80050 77621 53790 99958 50248 11287 73242 51255 5789 60032 44122 38785 5823 29841 17569 70398 7456 38528 90404 55074 49622 14488 77929 11321 98177 51956 68372 73046 12609 76594 70346 40159 32380 8910
2 42
29076 25309 3694 75008 20417 15378 9816 80013 4967 14231 7988 20070 94929 73076 46105 28336 81648 63065 18731 33458 56751 28678 15822 80121 92753 57618 64189 47713 94531 32282 22850 4797 59076 31577 37448 91892 21110 990 40238 94927 61729 18725
3 194
37300 41451 13796 6501 80494 29278 99576 15155 68404 7622 57108 52748 62917 91140 68576 44217 56508 38949 16330 8659 36317 97028 72141 9027 43921 28278 22721 58375 91288 61196 46617 38209 2084 62094 55260 68503 56061 26450 89597 73880 38168 59956 83803 33433 66526 49306 45901 64947 66967 89753 3913 74938 23410 2672 66839 86178 61425 23645 34153 75676 90820 78112 25031 43225 94287 42128 34539 75079 3395 11562 79344 69807 45811 47098 48998 83844 51783 24514 94417 43324 45834 68701 2044 35841 18682 25737 4041 71185 1729 32485 7846 44771 29132 18074 56487 13785 4251 71313 91429 76182 44796 2231 38970 31286 63450 23605 13752 34165 62311 68437 39813 31416 4202 63776 62354 58536 76485 28431 85965 46404 23114 35200 88881 12713 64064 29354 14792 85692 63114 78909 20109 89582 97812 24918 99674 24861 43558 6828 90542 42482 74867 6541 27020 73453 24089 40669 96300 13556 10392 41879 31746 10564 18870 24363 8204 47786 33054 4881 95852 3433 79391 41467 9248 74417 77492 9706 74013 72447 39783 61120 77519 53309 75430 15350 52580 2932 13428 37087 35847 89469 44236 19497 94657 75469 13568 58134 87596 53471 21714 71342 21401 34246 17075 55564
32 0

20 197
43641 45266 44826 89604 75990 16130 98417 89564 97076 68822 69925 76215 10967 26794 18128 31975 32866 87019 15696 1002 74386 59943 89641 89277 64941 27993 42257 17991 15593 29503 44546 8253 50403 16924 56536 43967 20381 47688 38598 81606 86211 2663 54671 11575 26734 4758 24474 17755 35066 87896 23021 39450 54981 96970 13212 71747 33515 71038 7440 1190 25161 65879 69067 65277 70603 25003 74916 60742 36982 91352 74358 98714 68803 59690 63462 59069 85919 65474 62935 25749 76203 51771 27500 97983 46548 57439 12866 4725 87002 47662 42518 72779 70285 79623 46485 73123 83275 82664 29609 83718 21048 86683 60102 61468 38593 82816 12878 23162 48497 21059 24716 31729 82226 54160 80913 93765 37696 38683 47423 93700 66616 86702 17078 77041 76950 14686 30959 95868 82458 8173 22538 74301 40072 27402 65709 84508 58807 15067 28242 28381 92068 37821 36339 66251 34446 43545 28787 81748 28778 74644 30031 80044 67348 80444 6041 51272 9216 17456 5009 45278 32097 454 19738 91245 9980 32383 986 89633 56369 7 69139 42566 28188 92909 93170 98258 85506 41106 14285 32258 99501 67855 22391 4306 44371 55231 88112 80352 35892 31490 62825 45716 86130 85257 73937 34172 74336
27 0

6 192
28775 56340 23172 67576 71126 99063 39414 70121 56893 1512 30410 82665 21373 79378 36822 69694 29618 43095 51640 51312 8948 84007 87455 71772 17640 39258 36648 8840 43524 75027 71363 92767 742 67461 84948 63751 61868 36321 92957 53392 48690 52672 70964 49378 45701 91121 99869 3690 39759 14015 47116 25845 35508 71225 75302 53373 82237 29954 33047 41483 67359 16766 82612 82117 88117 60461 39137 14664 85412 96889 87450 51790 46083 32966 81266 63691 63894 85423 53453 69978 26361 81004 93535 66204 43242 8417 39054 93231 22797 25892 82917 60964 45710 46414 23868 26159 35638 3455 84607 86454 2619 97159 87458 58647 1360 60894 43511 3396 15310 86599 25506 6156 94357 13812 25538 94432 54985 10068 54284 36849 50520 7907 65382 4046 7032 35523 80141 95094 47732 88097 549 63749 47701 17466 83342 97635 82949 80328 46932 32078 60014 83764 363 4384 54681 38100 57119 53700 21355 13965 91280 34345 48722 49106 56273 65363 1246 6421 75308 61761 76143 19232 71014 24858 41496 50681 31622 24981 82573 73662 3230 54660 4267 21984 58415 29611 58601 18227 46648 8325 53102 16459 71020 31318 10714 20519 48630 43948 3976 54573 13179 45682
17 261
61109 13409 66744 38879 26097 29925 4974 30193 79981 42214 53958 86766 69430 45956 48175 10466 86571 54453 18906 66108 9711 42969 66474 80649 40771 7743 94971 4490 90044 69965 95859 96489 80808 11596 4170 99491 79528 24675 32380 40780 87428 78596 98799 7356 9113 21272 69707 19125 23708 48275 78454 30762 30239 68736 62907 51895 1676 36466 46116 86889 83220 51414 41044 60643 35411 68226 63271 25555 21039 64638 17022 41960 838 16313 12761 40977 68406 72401 37279 18883 94141 40695 59391 53715 8856 29555 13287 93812 18524 13041 1075 87135 33511 74835 48214 6625 77078 34249 24612 35595 68150 44202 8434 58179 73534 12725 42473 93184 21609 88033 78488 44791 48497 62295 7099 64630 87073 16466 90720 55693 48986 81854 24725 95623 69785 51340 25223 20101 78810 13807 34915 63203 58614 79238 64259 41957 20392 60650 72784 43222 40099 88110 45815 22596 26856 63255 49851 23031 98775 23106 13322 21641 49423 36109 61126 65942 94158 28504 89017 21007 44267 35503 42387 87846 31762 89776 45690 58810 15212 9494 39537 81937 71088 73268 74398 41308 73706 65911 95571 23586 32998 1375 57031 99972 92422 54346 45257 200 14500 17536 82436 47149 2110 69844 58346 77331 97204 602 13368 59288 28225 38975 43542 80226 64074 69295 37819 57262 59233 73846 31964 34900 33046 64471 56608 43839 25367 86323 19144 99689 90822 40628 45392 1640 1208 45030 66025 43758 34977 8923 24724 97369 18025 53834 91946 82622 56261 2883 37637 72047 85888 61820 56353 3716 6462 97155 63434 21772 7985 95172 66431 84011 51143 20111 92816 88155 84283 87792 69861 76206 28770
34 191
90394 70469 37022 29273 41952 92862 16908 46066 36411 83815 29835 56457 43129 68350 22031 11258 71232 71122 9468 38326 85072 42009 12613 82577 88257 9215 74170 18073 52142 27094 51663 58409 49149 62097 18084 19724 36364 30134 79000 80436 95254 82017 62085 57571 41193 28308 51726 51186 24165 80239 35006 39276 76525 58761 55660 32849 34100 94296 38829 2271 95837 23856 70553 87586 41157 73904 48644 27746 24062 6400 49680 4024 716 91935 37949 22366 88565 56051 66047 3359 63148 73269 66160 29297 52280 67455 30027 95609 72655 1377 25754 4570 32252 50521 5428 14870 15218 30503 35861 38642 76572 44351 6220 1144 2168 92940 85737 80763 31379 21042 54153 85485 68985 83083 23957 74411 8653 56667 12487 96024 49578 48546 97038 38765 82987 90299 88336 59384 95505 43844 62858 32604 81855 96965 73204 5205 91633 46595 64017 29853 22038 66307 68865 64018 80442 55989 42857 56358 78083 3 69055 26764 16947 6506 12441 13729 61171 7566 46010 21612 94134 7154 30045 46997 43431 91601 68928 19840 47305 27487 80334 30049 9212 38522 90704 45193 4586 70566 79127 75513 29525 74954 19439 90157 93124 90293 31386 16364 4761 40605 51368
25 193
85916 24663 14210 29917 75229 40481 64681 70445 53577 86978 16048 73009 3638 37922 64630 69095 59676 5039 59332 47137 23581 67121 8222 655 25752 52072 20516 65977 35833 3168 27092 96529 49154 75293 4538 59757 89893 70261 45845 50710 5415 6876 86144 70892 63056 97635 2931 19883 58478 30550 92529 23207 90776 14133 41900 5685 39117 56985 11686 22912 46017 58600 93087 42241 33243 14928 15300 28359 76302 71204 18346 65621 45973 92095 36956 35418 51931 6586 96956 66753 54060 25649 19623 59335 12296 69852 4334 53615 60151 59337 17378 99143 64200 31821 37476 43860 52888 98126 20231 52540 96233 43358 74638 62162 64988 32533 52508 73873 96560 77456 32086 7037 62275 33397 16084 58623 79367 99427 2130 17038 18131 72892 58083 40607 33762 5985 80819 17078 676 22075 11152 17615 561 6815 22555 41 49757 7757 96256 15469 94270 36260 88122 31776 48346 44754 12174 9779 55846 59807 24538 23555 35872 12734 97012 12361 9924 251 55927 36458 7417 80563 65565 31396 86255 59430 52740 40422 47487 11545 80162 15193 20283 9047 71190 12574 28014 35666 61841 28374 42929 1142 83395 165 44927 63436 53684 67910 11475 13890 87164 76380 75111
9 121
41680 56859 86349 14719 774 30912 82165 57664 43622 84516 82632 15585 27808 48946 85627 14030 60835 75089 440 94579 34328 55213 60314 39295 94359 11281 94373 51351 23910 74078 24507 80867 26493 29982 85995 21884 5702 56462 54739 62101 60031 10018 27652 31675 97122 18740 72000 34020 27951 87159 98835 28593 75525 97043 22072 72772 93949 37591 23941 64720 2637 87693 1156 92324 33749 91316 93890 16908 57306 73889 87781 77799 85594 34007 19615 71596 67454 49508 85344 48135 21228 35210 77792 63129 2951 13669 11567 79768 89933 36079 61072 37384 18195 56608 15266 70758 15223 63906 43302 52267 73792 85938 96945 2360 48318 59200 75633 87391 26265 53130 51333 36130 64922 20547 37575 34593 49918 79091 21253 61494 61098
5 190
91065 62946 22692 2438 1555 71434 13450 15855 42866 9736 5283 4878 14937 1944 90347 49572 97144 3187 50788 37624 24126 89836 34392 61703 71668 37217 3302 61769 22153 22094 99423 29934 38542 12689 60838 27963 81438 2830 28799 24642 3378 42673 85659 43383 55703 47986 46159 19965 30427 17559 55727 29811 71722 54185 5155 10897 69618 66802 53989 26305 40488 3926 51475 13035 98439 35349 78215 73849 18381 48355 16402 42071 7893 66117 56118 53750 49347 61989 5022 82621 92001 12468 8369 42461 23455 58285 78864 38368 18250 41704 12773 68556 22609 88535 93749 4617 15209 2411 45691 63062 73482 52430 50505 26231 30969 52856 12970 92518 76572 36496 30326 56891 6722 21723 49597 47716 80112 6764 84843 87182 81336 24214 31331 66295 58082 21993 53033 89287 48250 89563 81623 2166 50653 27518 53232 63295 99056 33834 63711 98733 21122 23530 62998 50546 71537 41650 45273 88 19263 13736 49052 1151 35008 65479 75696 28399 9964 65792 91091 98136 35436 2861 24862 62422 5355 7985 66604 38798 21103 88690 78892 59032 42379 1120 33950 14196 24058 17005 4561 47340 75199 55119 64565 1598 31662 81781 21011 52534 62827 10151
15 52
21254 38930 72969 60533 76142 37098 12479 74080 99087 65137 4021 9016 10501 21800 2377 62347 89491 90172 64708 23109 73713 13566 72094 5588 53039 66024 52785 11840 26406 87654 57642 62894 94771 41329 80815 70169 71984 79324 60303 95922 14554 44833 26991 23511 17303 96024 17290 18515 93042 75048 98349 26268
24 380
95486 26899 25304 94370 28976 97357 22387 34659 81195 19517 69155 71939 15677 43056 555 62421 80094 76560 71689 47009 91517 88733 11391 44118 61997 46490 19431 41316 30450 43296 54491 80845 92402 25048 24755 54648 83902 91770 53749 31052 35002 66792 12557 6607 5618 35067 46317 51643 65196 18904 47633 58326 79618 54483 58569 82918 82389 8541 10674 3369 58035 34533 29470 55 76110 88276 98621 68378 66529 9670 20526 46611 6453 38421 74181 74510 34253 41973 52861 71717 7136 67974 10479 11756 35953 78322 26277 59344 55262 24577 19041 15633 61403 63428 99505 9754 93204 46782 29406 51340 11579 58178 57421 11379 79792 17210 89088 15094 36702 10952 2620 33664 86407 85961 18226 94675 61903 14990 93540 49372 69019 49982 9565 31827 42839 24087 22615 94150 51748 30985 50717 34763 45283 62002 92522 33315 51563 67797 83546 65636 92910 46720 82062 38761 40926 8042 82340 65969 18599 37660 309 15373 50704 49410 20707 54536 76645 29535 133 30426 9073 50972 21325 40047 80760 31423 81721 63344 65057 15909 80061 74655 77092 83038 81240 15021 44022 4493 1904 43220 70575 90780 79797 93265 23451 29533 41975 33479 57530 67677 22125 37013 14510 91530 86787 61402 37773 88361 61251 10211 87020 90473 52820 55437 55222 10870 79450 1989 67404 62196 34050 14742 69758 60696 48832 80390 53962 34168 71576 46500 58999 74450 87837 81944 5084 31222 41466 41903 94659 12907 33878 69899 36265 26189 97645 66710 92145 36092 44383 17266 39230 4312 45933 8663 44364 10379 22717 52703 45806 23744 63098 66987 47712 74333 17531 18807 52964 23375 70230 25755 24468 54608 38794 97539 78064 30928 23374 52769 63047 62010 52125 6691 57711 19077 37163 88425 25695 88443 53746 90183 68156 54370 84247 69166 4299 19169 17999 49673 34934 18869 71067 84280 33072 64018 97442 78311 2415 97311 74106 21256 63839 35726 22979 60977 76752 68383 27805 74027 36484 46882 92104 87114 94365 1959 33625 3694 10438 80649 24400 33697 23736 42500 12241 99185 94195 69326 78069 56601 21668 65225 25197 49409 86252 966 97831 54842 52955 88970 92893 82747 60489 42187 99663 17977 40796 88591 17321 42296 35930 72153 35895 87655 94128 49151 11525 26035 53219 60395 7142 69233 56800 67249 25572 31907 69353 79261 47558 18520 89471 18454 88282 4687 93767 14938 68812 92064 1898 86234 7981 38028
26 0

29 0

31 0

10 0

22 190
10696 85815 29359 62067 27139 68571 89418 2614 11442 19992 360 65172 63081 22287 85104 78334 48236 9382 5136 69086 37043 29437 61411 73804 23558 76332 89546 89366 41473 39972 34708 42664 53624 54062 20530 73501 58856 61032 56096 47448 8244 93582 58063 10217 77116 76276 22525 77573 71122 63202 16162 79700 16079 53915 97532 8935 80729 44207 75309 32764 15757 71166 45860 43224 521 80678 83146 99402 65163 14589 5704 43242 91037 17484 81887 53929 20245 41357 72976 39997 88849 4875 3559 6716 70480 58095 74736 877 4246 35631 10297 68282 8614 72832 96232 81449 13342 19783 65067 29839 32324 94220 41832 95999 29147 11794 45557 94922 59198 55348 62645 70635 48809 44700 22160 5084 26994 9677 57884 21534 62209 83009 6148 11158 19247 78551 66547 67095 30760 46912 68688 8068 17725 5177 15651 4451 64311 13093 23947 7825 85195 95978 78587 47402 39089 67252 74255 15378 82650 17046 26285 82904 76862 69597 4845 17045 64237 11993 50004 37469 46282 59066 95816 13763 77440 20168 71199 87826 97358 97 79848 35349 41008 78358 37057 27877 47368 11911 370 64179 58503 63038 31342 3970 329 34768 87451 79285 60921 91612
